1 25
1 25
1 125
1 125
1 125
1 125
1 125
1 125
1 125
1 125
1 250
67 7500
1 500
1 250
1 250
29 3000
1 375
1 625
1 100
8 1875
1 100
7 1250
9 2500
9 2500
1 500
1 375
13 1875
3 625
1 375
9 2500
7 1250
1 250
49 2500
6 625
2 625
1 500
1 375
2 625
71 7500
1 500
1 625
1 250
1 250
1 250
11 1500
1 375
11 1875
8 1875
2 625
1 500
9 2000
13 2500
6 625
1 625
2 625
67 7500
1 300
49 7500
1 200
9 1000
1 500
1 625
1 625
9 2500
1 100
1 500
67 7500
1 375
7 1250
28 1875
8 1875
1 375
1 625
1 250
2 625
2 625
1 625
3 500
8 1875
1 375
9 2500
1 625
1 250
7 500
1 100
2 625
13 2500
1 500
1 500
2 625
1 375
2 625
1 250
11 1875
4 375
1 125
1 625
1 500
1 500
1 500
37 7500
6 625
1 625
1 75
721 15000
19 7500
2 375
129 20000
217 7500
587 45000
2471 112500
11 1500
29 20000
1793 150000
11 7500
313 20000
61 11250
89 22500
181 30000
39 10000
49 10000
161 22500
14 5625
71 7500
253 15000
337 15000
733 67500
239 33750
1927 225000
1903 180000
-2522301 9365456
6971 540000
37 6750
2 125
23 1500
1 125
2443 135000
43 3000
72950177 20725600
41 3750
283 67500
16009 675000
79 1875
227 18000
301 45000
259 45000
223 28125
137 4500
21 1250
451 45000
12133125 191883176
1279 67500
2663 135000
6 625
277 25000
761 37500
361 75000
829 135000
359 18000
5059 120000
1121 45000
11 1000
115625 -3834056
433 67500
2609 180000
261 20000
9356759 130634176
6463 120000
331 20000
1703 120000
625526899 -1868685392
107 5400
745853033 1383517664
-2049479859 1599024736
29 15000
527 135000
149 11250
47 5000
647 60000
337 25000
5453 225000
7999 270000
2193965 7647432
361 15000
8398125 25629088
75168061 15488792
13 625
9 1000
-3059017 133274688
1337 45000
16 1875
27016875 -30620912
817 30000
31 3750
31 7500
419 60000
551 30000
47 5000
8853427 59586528
409 60000
27 2000
221 15000
4237 225000
64970931 4593376
15197 360000
18473007 -21224272
115354653 50575808
68385037 20614784
756926785 -1865268064
312128677 -378565664
260641069 294520472
413 30000
-192989575 678085536
35047073 10282304
-259198701 225372112
1644307769 633220992
-47220239 17001856
1057 50000
289375 -1357358
1299 40000
173644745 298195552
234916567 22346208
49759639 -80464448
-16385625 86870912
413118081 763145888