84 32 64
-4 -53 -90 35 46 -72 -55 64 5 -90 30 39 68 79 -26 36 -65 -6 17 -63 44 95 -43 -18 58 49 -28 11 -35 77 21 -52 -92 -73 -99 -33 98 94 30 2 -69 10 76 42 -1 35 4 65 -53 26 88 86 -67 -21 -79 -14 85 58 -95 4 19 -25 -52 51 -67 26 7 63 100 -8 -84 -79 71 -19 -48 41 37 -3 -84 22 -50 39 -89 -70 
4 -32 17 -94 -54 43 -4 -89 22 42 -57 22 39 -91 -73 -13 -12 91 91 -50 -51 -92 -7 88 -34 -60 38 91 -30 -16 -39 62 
53 81 11 23
7 10 10 19
2 31 14 29
21 22 12 25
51 73 2 27
12 52 12 16
39 45 18 27
34 45 5 19
73 74 10 10
12 60 21 31
3 15 26 30
83 83 31 31
58 65 22 22
3 19 10 27
80 83 24 28
4 56 1 10
64 80 28 28
36 47 17 22
30 35 3 28
78 79 14 28
52 60 17 24
38 77 13 23
45 57 16 24
3 7 11 31
43 57 10 31
8 13 5 5
1 18 18 18
64 65 30 30
29 56 28 29
9 30 29 30
8 19 1 1
64 79 12 30
8 42 28 31
36 49 26 26
65 68 15 21
15 16 25 30
76 81 31 31
48 71 1 26
23 43 19 23
23 58 12 19
51 71 25 28
55 78 23 30
17 46 2 3
80 83 7 19
30 50 1 30
55 77 2 28
71 82 15 27
72 75 18 27
66 83 10 16
67 71 5 19
7 80 17 28
50 82 16 26
39 76 10 26
69 72 7 15
32 61 29 30
31 67 6 20
59 69 22 28
82 82 12 15
5 54 7 16
59 81 27 31
15 32 3 29
51 73 25 26
46 56 4 14
83 83 18 24
