1128
1 2 128916
1 3 695077
1 4 281038
4 5 239852
1 6 509125
6 7 711165
3 8 739830
3 9 849298
9 10 977944
1 11 123435
8 12 198941
11 13 885115
3 14 117201
8 15 903741
8 16 795822
10 17 328654
17 18 5334
14 19 808304
8 20 495262
16 21 270331
19 22 755572
11 23 661146
6 24 346643
12 25 22687
24 26 409805
26 27 810259
26 28 424766
9 29 827744
10 30 14341
9 31 788763
12 32 140053
12 33 318310
17 34 642681
7 35 908955
25 36 503807
26 37 835494
22 38 890856
22 39 266240
34 40 632249
2 41 150250
41 42 624524
8 43 871385
35 44 424626
13 45 95018
14 46 351917
44 47 206870
42 48 852618
42 49 791414
11 50 728775
31 51 761407
5 52 615595
12 53 76385
32 54 884545
52 55 137228
17 56 188765
37 57 933122
7 58 594663
39 59 199334
56 60 318966
8 61 986650
49 62 942270
9 63 147482
1 64 389605
31 65 875795
21 66 371652
44 67 765414
30 68 751224
7 69 287359
5 70 334067
20 71 467159
48 72 214982
14 73 549922
61 74 311930
45 75 434234
1 76 388523
76 77 881725
57 78 391040
77 79 394920
5 80 332682
75 81 626775
33 82 577958
41 83 890227
73 84 279563
74 85 574142
8 86 397198
20 87 106942
61 88 129240
5 89 558550
68 90 620353
68 91 441267
1 92 675710
55 93 844864
13 94 235652
5 95 354265
92 96 482325
57 97 172859
86 98 267886
10 99 351572
8 100 941360
2 101 171573
72 102 779439
52 103 429290
14 104 625145
91 105 519271
37 106 407779
106 107 898791
94 108 248895
84 109 289576
2 110 60792
10 111 853409
88 112 970261
28 113 804032
38 114 401115
42 115 904860
96 116 322300
30 117 722205
32 118 40441
44 119 625158
5 120 98180
91 121 745004
30 122 314606
73 123 518280
5 124 810164
98 125 105281
85 126 485365
15 127 551126
4 128 894516
50 129 79340
121 130 437940
37 131 825761
60 132 464929
29 133 355237
45 134 101932
95 135 635939
98 136 799516
121 137 145140
118 138 904003
11 139 67766
6 140 10675
2 141 249008
59 142 936708
52 143 32504
88 144 82865
92 145 12059
66 146 433790
79 147 866647
31 148 165769
109 149 229976
32 150 366225
5 151 538050
28 152 117385
15 153 641114
115 154 533780
83 155 816566
1 156 583830
155 157 268648
136 158 11589
125 159 684112
1 160 301619
106 161 108132
102 162 818634
148 163 123918
151 164 923261
133 165 87151
131 166 958759
64 167 965928
129 168 230141
31 169 817377
73 170 217994
78 171 541859
111 172 775247
3 173 400463
104 174 982602
133 175 376110
132 176 996285
9 177 835055
139 178 750031
151 179 314093
82 180 283840
45 181 253205
128 182 948833
135 183 386003
169 184 392836
162 185 595771
7 186 262244
32 187 160253
18 188 929140
63 189 76535
163 190 288844
67 191 250917
41 192 778165
171 193 522978
92 194 265525
177 195 329783
77 196 627489
102 197 854845
152 198 728261
41 199 399244
35 200 536688
57 201 780141
172 202 88633
196 203 177668
183 204 408240
174 205 154132
154 206 198789
80 207 722534
80 208 400505
191 209 978598
179 210 506990
168 211 595845
85 212 666948
44 213 50406
166 214 862830
199 215 900001
167 216 525328
111 217 168879
29 218 104745
192 219 804723
7 220 341337
47 221 591052
1 222 701510
115 223 147226
160 224 949821
155 225 609298
125 226 488216
196 227 729802
147 228 871517
28 229 919588
79 230 794136
65 231 166148
6 232 248750
72 233 978682
9 234 714616
84 235 507150
52 236 921204
230 237 860587
183 238 244851
90 239 783880
217 240 672750
36 241 167855
101 242 751983
188 243 783412
200 244 914002
137 245 608977
86 246 648814
241 247 271041
100 248 199914
68 249 912164
169 250 68576
121 251 871286
128 252 157354
31 253 164772
128 254 143073
216 255 808443
21 256 467448
187 257 946683
191 258 654767
214 259 788765
7 260 706863
39 261 584158
203 262 53520
241 263 834375
70 264 366658
172 265 451514
164 266 300852
140 267 984241
112 268 883635
204 269 947624
114 270 685262
132 271 393177
22 272 595703
67 273 753562
261 274 993440
38 275 527097
78 276 40111
165 277 984081
15 278 519256
146 279 272500
199 280 189849
263 281 851713
135 282 984737
138 283 601374
80 284 674574
96 285 471018
271 286 215524
39 287 908499
160 288 661295
82 289 57854
211 290 662443
284 291 989804
48 292 23249
95 293 34706
215 294 883208
147 295 845739
169 296 817408
187 297 107446
260 298 753015
271 299 993995
273 300 238500
242 301 545191
242 302 751655
51 303 882270
124 304 805161
220 305 230594
195 306 116719
31 307 177496
290 308 512933
125 309 431417
160 310 572506
55 311 787768
224 312 633338
137 313 699520
193 314 664591
294 315 645703
302 316 214111
65 317 884197
57 318 37419
55 319 232482
54 320 969283
135 321 846788
297 322 407604
84 323 650311
83 324 451197
287 325 934808
252 326 338836
223 327 535694
143 328 87092
135 329 551463
219 330 221874
133 331 364596
203 332 620519
325 333 139282
199 334 343972
219 335 655094
249 336 309740
69 337 70112
127 338 993616
215 339 785207
34 340 217499
240 341 676529
21 342 87056
275 343 678987
192 344 922977
214 345 985370
332 346 999726
219 347 559259
114 348 859906
102 349 21617
300 350 670448
251 351 582421
205 352 421030
75 353 149534
151 354 318264
136 355 59432
174 356 803464
58 357 708573
256 358 258679
114 359 223106
159 360 183064
268 361 890390
352 362 385561
73 363 759672
117 364 585619
15 365 786071
8 366 48946
257 367 896658
77 368 144005
35 369 456666
170 370 149280
24 371 936928
32 372 66012
109 373 136832
159 374 485883
81 375 140179
322 376 830424
130 377 991257
343 378 382153
226 379 977170
155 380 269457
152 381 706302
26 382 417780
123 383 940600
271 384 371998
22 385 288824
331 386 357547
112 387 487308
182 388 329361
279 389 767516
388 390 238031
333 391 214567
49 392 986589
285 393 510542
99 394 174579
293 395 12932
137 396 517174
142 397 895230
278 398 446359
355 399 593258
99 400 910329
98 401 662818
231 402 603238
351 403 971247
186 404 233324
17 405 162217
170 406 82756
274 407 486912
267 408 917487
11 409 721034
167 410 696638
274 411 932933
32 412 15050
322 413 748463
331 414 394066
271 415 724564
79 416 962214
280 417 706782
213 418 862072
114 419 68017
384 420 671217
112 421 498589
149 422 894122
289 423 520200
60 424 382125
192 425 481428
125 426 527900
79 427 936496
47 428 82840
14 429 528430
200 430 353497
187 431 842747
121 432 320379
313 433 53288
87 434 938775
49 435 648946
54 436 796984
123 437 397251
425 438 343972
135 439 13677
217 440 419086
64 441 8814
155 442 438362
99 443 690141
352 444 494314
115 445 94781
200 446 765248
235 447 462241
375 448 990352
432 449 283490
36 450 807915
334 451 528881
55 452 382540
204 453 226969
89 454 838716
109 455 428448
183 456 879333
366 457 685130
238 458 433647
431 459 909167
111 460 637250
274 461 407602
341 462 416390
268 463 953245
185 464 875899
214 465 876740
137 466 964255
158 467 309701
60 468 343186
411 469 598416
8 470 878746
168 471 110219
303 472 342279
23 473 905681
94 474 596161
374 475 434748
439 476 364943
353 477 195744
229 478 999386
269 479 181989
27 480 950713
199 481 914924
12 482 181344
113 483 182015
458 484 81982
73 485 231182
294 486 460302
303 487 986083
376 488 828035
310 489 634975
315 490 163565
220 491 480055
37 492 862994
282 493 335957
30 494 17379
96 495 161477
157 496 73414
293 497 769924
99 498 780485
173 499 732251
198 500 41103
169 501 194100
122 502 286849
180 503 424706
470 504 219254
435 505 290471
71 506 783506
9 507 513217
225 508 231137
61 509 923437
260 510 169550
334 511 771762
47 512 220426
37 513 148199
504 514 932545
97 515 864253
305 516 126092
131 517 533622
105 518 895691
285 519 390143
324 520 801946
62 521 156005
185 522 452155
482 523 832772
465 524 370701
175 525 606739
114 526 597611
360 527 385296
218 528 155084
475 529 924837
276 530 831327
95 531 551181
208 532 66537
251 533 865129
291 534 756228
33 535 313352
344 536 935089
427 537 672932
440 538 884655
98 539 37236
197 540 351192
182 541 619164
522 542 660456
101 543 536741
184 544 188628
227 545 605171
231 546 288239
74 547 838130
151 548 84323
421 549 193823
300 550 506444
64 551 18436
197 552 268176
50 553 603230
349 554 456797
402 555 363675
545 556 120891
534 557 135124
243 558 352545
84 559 647579
18 560 753635
47 561 621357
245 562 249468
422 563 482322
340 564 813580
230 565 943526
49 566 383408
278 567 773551
258 568 48789
84 569 622541
73 570 662462
190 571 230225
3 572 844024
454 573 41267
440 574 981938
147 575 885377
151 576 148845
118 577 586504
256 578 138354
328 579 727071
571 580 566590
283 581 692106
325 582 369177
53 583 333530
3 584 975292
425 585 423073
534 586 3188
545 587 606684
467 588 345610
343 589 867595
370 590 308055
515 591 447849
214 592 973100
119 593 374427
317 594 449027
316 595 229105
531 596 39653
110 597 68319
590 598 821675
410 599 138452
541 600 468124
231 601 701649
493 602 680876
518 603 876094
279 604 511691
480 605 466844
420 606 415845
452 607 383874
410 608 665498
533 609 322214
416 610 751184
447 611 444474
248 612 751070
434 613 937994
465 614 92348
299 615 166794
426 616 642263
601 617 927802
428 618 843329
263 619 351301
486 620 259536
137 621 138562
498 622 926036
429 623 691742
310 624 667147
546 625 136802
561 626 848319
394 627 508738
236 628 971989
519 629 781144
559 630 697197
456 631 560948
361 632 762042
377 633 949434
537 634 568773
177 635 714932
517 636 359892
270 637 514237
287 638 987754
607 639 405939
508 640 540232
175 641 766914
239 642 265158
477 643 486245
557 644 82865
212 645 854302
168 646 649944
602 647 669542
140 648 305662
253 649 557948
635 650 236928
191 651 71601
312 652 664337
178 653 303671
25 654 790219
373 655 784984
151 656 196596
86 657 86659
96 658 119957
599 659 281632
151 660 863303
145 661 333554
51 662 238444
193 663 679182
5 664 841018
416 665 521419
230 666 69376
497 667 878913
346 668 705596
134 669 390177
210 670 627932
492 671 917513
307 672 469652
604 673 943938
320 674 873241
560 675 6182
626 676 446373
415 677 77272
525 678 288024
347 679 64875
357 680 483058
309 681 577478
578 682 226027
155 683 725886
5 684 549553
608 685 588147
495 686 389560
304 687 236664
213 688 384131
3 689 604739
178 690 988613
102 691 348263
631 692 809998
184 693 701155
214 694 426956
25 695 330847
359 696 578796
552 697 919487
532 698 638956
448 699 131023
407 700 377438
410 701 715413
585 702 531001
40 703 448815
639 704 518887
278 705 123161
630 706 277264
177 707 460196
463 708 593542
567 709 451118
67 710 337176
318 711 704305
559 712 343453
382 713 828673
520 714 124659
576 715 97396
111 716 100897
564 717 298024
556 718 132094
577 719 60043
504 720 353618
163 721 633789
289 722 784555
482 723 801207
22 724 231856
612 725 812051
327 726 601913
40 727 749761
276 728 533792
29 729 493500
375 730 3342
670 731 386801
263 732 574639
599 733 447478
436 734 155327
620 735 942398
516 736 682419
100 737 192333
310 738 148237
187 739 401894
140 740 586885
379 741 510557
542 742 715564
214 743 809475
326 744 670790
491 745 480328
138 746 472878
116 747 75126
333 748 503280
733 749 151163
11 750 187376
194 751 41920
708 752 176199
10 753 270492
604 754 643484
439 755 66642
186 756 967991
209 757 758313
387 758 278408
318 759 286226
500 760 51856
234 761 633661
509 762 84942
291 763 356282
720 764 934623
514 765 273173
625 766 950440
751 767 606101
604 768 237651
205 769 8055
170 770 718514
682 771 152632
213 772 818670
137 773 527884
119 774 344394
718 775 373166
635 776 446036
92 777 79991
663 778 844055
523 779 111997
504 780 525107
327 781 382828
133 782 439690
492 783 425680
421 784 860779
615 785 261470
505 786 437913
247 787 74014
486 788 429467
448 789 316539
137 790 477486
554 791 201297
517 792 379984
177 793 447331
101 794 832843
328 795 211230
135 796 689366
676 797 772971
496 798 947464
99 799 856088
6 800 858477
531 801 181077
713 802 135212
211 803 604926
522 804 231411
605 805 387853
239 806 394369
84 807 570999
567 808 964566
807 809 630766
298 810 780508
707 811 823186
548 812 907836
538 813 273173
672 814 898374
566 815 942554
565 816 78041
185 817 773117
506 818 104368
660 819 213298
339 820 346388
442 821 991087
635 822 917939
656 823 335566
171 824 402754
494 825 202160
260 826 485768
16 827 286642
330 828 35138
58 829 310734
84 830 854762
31 831 972162
206 832 743739
201 833 18044
76 834 234012
742 835 23961
263 836 117820
732 837 515844
475 838 416039
476 839 810385
649 840 283373
448 841 466238
576 842 615521
823 843 326352
201 844 833961
375 845 279160
587 846 916639
561 847 97647
548 848 378191
292 849 364105
84 850 661734
400 851 217289
142 852 802044
778 853 710158
88 854 774281
518 855 792897
19 856 959001
337 857 714960
259 858 306336
55 859 994965
132 860 114730
293 861 804842
206 862 702143
436 863 874467
221 864 148985
604 865 233147
158 866 460703
643 867 113005
292 868 79585
610 869 133202
183 870 301402
460 871 616196
783 872 397620
254 873 539694
239 874 793304
643 875 690474
753 876 320594
22 877 891961
80 878 643113
280 879 167353
550 880 408751
700 881 80314
151 882 10120
186 883 143265
290 884 770815
391 885 109194
589 886 558262
166 887 152104
811 888 196148
302 889 810484
403 890 431374
408 891 226954
865 892 56875
14 893 585601
306 894 225677
159 895 451609
149 896 91834
734 897 295066
367 898 998972
101 899 569929
872 900 747482
3 901 965098
477 902 640732
209 903 600693
493 904 216221
615 905 866292
204 906 853103
102 907 250231
85 908 398801
110 909 434449
829 910 15846
452 911 877861
632 912 636018
232 913 5228
764 914 572651
36 915 412605
740 916 218709
622 917 598760
858 918 693492
426 919 895083
766 920 900149
849 921 21959
204 922 831439
179 923 878467
155 924 26157
205 925 708510
425 926 276589
663 927 38428
837 928 405858
455 929 516003
37 930 343758
811 931 187054
68 932 888544
418 933 777464
74 934 546227
670 935 362633
40 936 627764
407 937 883280
766 938 597862
672 939 279202
308 940 561254
924 941 550190
270 942 919711
114 943 296277
735 944 408235
129 945 737443
74 946 865375
522 947 810294
772 948 227653
558 949 636709
739 950 897535
765 951 754089
739 952 687431
561 953 25886
758 954 606327
597 955 854188
90 956 569138
780 957 268322
830 958 751745
265 959 254943
586 960 592837
686 961 159333
885 962 624844
917 963 944900
398 964 678308
926 965 14867
854 966 89356
710 967 728990
726 968 620053
940 969 67502
612 970 255025
917 971 314948
703 972 822503
958 973 292872
33 974 766546
712 975 351637
29 976 651043
165 977 597699
788 978 916085
390 979 224656
395 980 794209
654 981 943133
247 982 523396
742 983 54434
302 984 272500
769 985 120273
164 986 930603
89 987 866675
672 988 707113
724 989 543572
735 990 4774
318 991 997993
380 992 18555
146 993 888507
468 994 735430
748 995 5011
643 996 824149
353 997 10739
246 998 237404
949 999 590342
132 1000 362201
902 1001 873962
235 1002 866417
989 1003 794315
754 1004 791968
594 1005 228890
592 1006 731143
36 1007 570849
66 1008 455437
117 1009 176021
91 1010 885914
835 1011 42358
710 1012 984553
413 1013 673962
660 1014 486446
399 1015 849396
701 1016 597349
823 1017 44512
4 1018 894330
283 1019 478939
87 1020 699470
147 1021 77369
57 1022 566883
727 1023 326082
263 1024 31400
205 1025 449484
576 1026 260131
666 1027 322494
61 1028 57029
390 1029 34563
954 1030 845852
562 1031 782711
96 1032 880346
362 1033 510254
67 1034 61382
294 1035 3404
676 1036 449126
1012 1037 492951
99 1038 75701
652 1039 791950
566 1040 109178
267 1041 814010
1036 1042 524704
280 1043 651231
653 1044 998462
127 1045 780129
46 1046 111034
138 1047 633165
313 1048 432441
589 1049 294862
549 1050 496229
552 1051 393613
543 1052 747121
709 1053 652396
1034 1054 984864
921 1055 474685
908 1056 572942
167 1057 336846
174 1058 134593
813 1059 454777
168 1060 791690
833 1061 831683
614 1062 206933
839 1063 404403
744 1064 368464
629 1065 126578
739 1066 913654
568 1067 33942
235 1068 589020
1006 1069 375654
512 1070 95045
549 1071 654789
140 1072 554944
761 1073 749847
560 1074 119614
274 1075 971918
433 1076 698450
272 1077 752348
653 1078 681979
52 1079 839468
353 1080 622973
765 1081 969858
783 1082 908780
878 1083 283050
966 1084 211512
360 1085 310122
158 1086 517206
302 1087 903215
562 1088 92568
452 1089 58112
510 1090 192370
772 1091 175364
378 1092 793467
567 1093 825586
998 1094 78778
567 1095 850965
663 1096 737627
258 1097 385047
1041 1098 324292
1061 1099 434328
1029 1100 513067
921 1101 997451
275 1102 57
691 1103 335748
629 1104 729395
457 1105 970294
126 1106 74710
921 1107 43285
534 1108 539757
456 1109 853655
264 1110 561912
677 1111 291409
1110 1112 509649
671 1113 504523
154 1114 460336
278 1115 377404
348 1116 174004
147 1117 48518
693 1118 276543
542 1119 755316
464 1120 751714
691 1121 428093
377 1122 304615
1102 1123 585294
867 1124 422528
596 1125 103925
709 1126 800902
156 1127 805950
1102 1128 926718