2670 2433
1 2
2 3
1 4
1 5
1 6
5 7
5 8
3 9
4 10
9 11
10 12
10 13
4 14
8 15
15 16
4 17
2 18
2 19
18 20
8 21
18 22
16 23
10 24
9 25
3 26
3 27
17 28
14 29
1 30
25 31
5 32
30 33
18 34
3 35
12 36
33 37
10 38
24 39
28 40
28 41
1 42
33 43
17 44
17 45
32 46
30 47
40 48
21 49
43 50
27 51
29 52
15 53
7 54
11 55
15 56
12 57
22 58
53 59
29 60
32 61
10 62
32 63
50 64
53 65
64 66
30 67
62 68
32 69
60 70
20 71
53 72
30 73
62 74
19 75
3 76
1 77
9 78
27 79
48 80
64 81
42 82
52 83
37 84
2 85
64 86
56 87
35 88
62 89
29 90
37 91
87 92
80 93
74 94
54 95
48 96
88 97
83 98
87 99
88 100
67 101
2 102
9 103
67 104
104 105
31 106
105 107
80 108
19 109
68 110
51 111
3 112
106 113
47 114
38 115
20 116
3 117
116 118
61 119
12 120
69 121
12 122
14 123
37 124
40 125
60 126
97 127
32 128
101 129
126 130
47 131
23 132
69 133
42 134
34 135
92 136
81 137
137 138
86 139
59 140
68 141
106 142
119 143
128 144
46 145
36 146
12 147
80 148
56 149
90 150
99 151
88 152
36 153
15 154
71 155
42 156
129 157
1 158
76 159
2 160
3 161
64 162
70 163
124 164
112 165
144 166
47 167
118 168
58 169
119 170
49 171
80 172
139 173
150 174
130 175
107 176
176 177
47 178
2 179
97 180
157 181
175 182
63 183
133 184
140 185
54 186
178 187
63 188
60 189
97 190
22 191
137 192
14 193
91 194
133 195
193 196
94 197
115 198
191 199
113 200
49 201
31 202
80 203
4 204
122 205
76 206
115 207
52 208
44 209
181 210
207 211
187 212
28 213
93 214
151 215
123 216
77 217
117 218
108 219
217 220
109 221
53 222
22 223
154 224
20 225
106 226
205 227
157 228
147 229
75 230
74 231
62 232
134 233
175 234
233 235
65 236
124 237
184 238
178 239
175 240
159 241
34 242
163 243
2 244
89 245
174 246
5 247
185 248
135 249
153 250
190 251
7 252
17 253
55 254
2 255
47 256
115 257
223 258
42 259
179 260
241 261
13 262
60 263
147 264
171 265
69 266
134 267
174 268
76 269
49 270
207 271
95 272
10 273
15 274
55 275
246 276
164 277
39 278
12 279
172 280
22 281
206 282
203 283
235 284
149 285
193 286
188 287
129 288
124 289
20 290
249 291
240 292
25 293
3 294
78 295
247 296
253 297
201 298
20 299
48 300
247 301
74 302
251 303
95 304
14 305
136 306
247 307
193 308
305 309
40 310
41 311
189 312
205 313
210 314
111 315
50 316
144 317
282 318
185 319
165 320
24 321
205 322
158 323
81 324
20 325
63 326
168 327
92 328
9 329
114 330
284 331
220 332
58 333
78 334
97 335
161 336
300 337
300 338
168 339
314 340
229 341
112 342
10 343
283 344
237 345
184 346
316 347
122 348
151 349
152 350
302 351
180 352
203 353
145 354
191 355
319 356
143 357
171 358
269 359
185 360
81 361
322 362
320 363
68 364
255 365
128 366
150 367
60 368
11 369
284 370
88 371
29 372
24 373
127 374
203 375
187 376
1 377
194 378
70 379
191 380
83 381
358 382
158 383
179 384
227 385
106 386
377 387
262 388
260 389
354 390
166 391
167 392
13 393
311 394
322 395
51 396
75 397
397 398
271 399
330 400
186 401
380 402
339 403
395 404
101 405
297 406
387 407
300 408
157 409
25 410
273 411
148 412
110 413
109 414
150 415
296 416
205 417
284 418
127 419
218 420
59 421
278 422
110 423
118 424
120 425
399 426
419 427
408 428
321 429
39 430
218 431
154 432
323 433
158 434
113 435
276 436
94 437
27 438
102 439
244 440
111 441
25 442
129 443
103 444
270 445
442 446
445 447
205 448
296 449
274 450
110 451
306 452
140 453
211 454
49 455
47 456
247 457
295 458
17 459
326 460
94 461
160 462
427 463
448 464
21 465
88 466
99 467
298 468
450 469
192 470
417 471
237 472
59 473
377 474
215 475
226 476
357 477
191 478
350 479
232 480
217 481
102 482
72 483
477 484
240 485
278 486
318 487
3 488
447 489
102 490
302 491
324 492
67 493
90 494
175 495
140 496
257 497
93 498
50 499
324 500
123 501
464 502
278 503
307 504
35 505
371 506
208 507
171 508
377 509
306 510
275 511
118 512
404 513
416 514
75 515
356 516
258 517
79 518
336 519
468 520
263 521
44 522
304 523
37 524
420 525
169 526
307 527
433 528
23 529
186 530
193 531
51 532
82 533
314 534
220 535
402 536
249 537
262 538
262 539
276 540
63 541
499 542
268 543
93 544
284 545
212 546
178 547
468 548
350 549
533 550
522 551
384 552
343 553
482 554
169 555
74 556
223 557
479 558
402 559
339 560
49 561
146 562
130 563
263 564
377 565
78 566
416 567
195 568
214 569
422 570
82 571
198 572
186 573
118 574
164 575
483 576
14 577
394 578
207 579
332 580
382 581
360 582
563 583
401 584
337 585
469 586
408 587
212 588
229 589
58 590
298 591
179 592
134 593
142 594
487 595
581 596
532 597
121 598
561 599
247 600
522 601
159 602
440 603
369 604
27 605
359 606
437 607
120 608
399 609
219 610
606 611
585 612
494 613
383 614
53 615
512 616
306 617
588 618
568 619
439 620
320 621
587 622
251 623
72 624
199 625
285 626
523 627
60 628
364 629
179 630
604 631
314 632
300 633
422 634
7 635
281 636
176 637
428 638
255 639
246 640
560 641
504 642
224 643
36 644
381 645
420 646
219 647
214 648
349 649
500 650
436 651
204 652
72 653
128 654
151 655
336 656
278 657
542 658
408 659
133 660
572 661
270 662
13 663
627 664
105 665
580 666
18 667
103 668
133 669
576 670
127 671
321 672
217 673
630 674
197 675
72 676
501 677
247 678
443 679
498 680
534 681
332 682
53 683
612 684
393 685
122 686
289 687
128 688
216 689
379 690
504 691
373 692
29 693
267 694
55 695
542 696
32 697
541 698
650 699
3 700
220 701
201 702
616 703
350 704
38 705
55 706
206 707
484 708
255 709
161 710
218 711
321 712
144 713
547 714
429 715
624 716
94 717
686 718
357 719
184 720
25 721
256 722
722 723
630 724
44 725
220 726
432 727
724 728
95 729
214 730
416 731
286 732
718 733
367 734
560 735
705 736
53 737
37 738
445 739
101 740
403 741
33 742
37 743
425 744
340 745
391 746
158 747
177 748
193 749
122 750
347 751
427 752
176 753
334 754
619 755
511 756
78 757
287 758
463 759
252 760
492 761
29 762
265 763
273 764
620 765
546 766
630 767
464 768
606 769
672 770
516 771
136 772
85 773
557 774
47 775
487 776
557 777
245 778
179 779
27 780
235 781
31 782
105 783
254 784
272 785
767 786
785 787
508 788
96 789
613 790
427 791
693 792
565 793
530 794
586 795
492 796
96 797
716 798
405 799
299 800
84 801
506 802
341 803
730 804
58 805
144 806
528 807
25 808
458 809
111 810
694 811
469 812
513 813
464 814
297 815
735 816
339 817
769 818
338 819
45 820
675 821
223 822
364 823
269 824
502 825
216 826
584 827
785 828
562 829
493 830
816 831
343 832
546 833
731 834
709 835
301 836
285 837
767 838
474 839
152 840
270 841
393 842
133 843
107 844
780 845
693 846
182 847
649 848
457 849
371 850
521 851
518 852
453 853
234 854
799 855
537 856
664 857
225 858
803 859
89 860
823 861
829 862
101 863
27 864
72 865
330 866
482 867
217 868
752 869
619 870
100 871
635 872
109 873
734 874
777 875
622 876
767 877
325 878
619 879
588 880
127 881
250 882
571 883
356 884
593 885
587 886
96 887
877 888
541 889
173 890
427 891
434 892
728 893
446 894
752 895
829 896
621 897
237 898
709 899
720 900
677 901
294 902
887 903
47 904
9 905
582 906
282 907
223 908
614 909
463 910
811 911
479 912
794 913
726 914
111 915
651 916
699 917
508 918
417 919
130 920
619 921
428 922
565 923
13 924
69 925
169 926
22 927
38 928
352 929
577 930
294 931
522 932
145 933
36 934
28 935
478 936
769 937
557 938
338 939
14 940
275 941
141 942
732 943
744 944
357 945
169 946
720 947
269 948
745 949
371 950
283 951
637 952
850 953
288 954
447 955
933 956
714 957
745 958
195 959
124 960
900 961
509 962
912 963
47 964
625 965
186 966
368 967
261 968
818 969
679 970
724 971
520 972
429 973
628 974
117 975
939 976
147 977
441 978
349 979
698 980
817 981
633 982
106 983
596 984
624 985
813 986
274 987
202 988
348 989
372 990
429 991
116 992
734 993
734 994
921 995
894 996
579 997
395 998
484 999
874 1000
801 1001
666 1002
383 1003
807 1004
532 1005
829 1006
66 1007
467 1008
780 1009
194 1010
708 1011
792 1012
437 1013
502 1014
339 1015
467 1016
55 1017
593 1018
791 1019
136 1020
660 1021
109 1022
62 1023
741 1024
710 1025
774 1026
320 1027
613 1028
962 1029
596 1030
699 1031
161 1032
631 1033
673 1034
21 1035
434 1036
222 1037
561 1038
976 1039
942 1040
448 1041
786 1042
556 1043
746 1044
326 1045
686 1046
64 1047
864 1048
1024 1049
715 1050
257 1051
30 1052
862 1053
414 1054
826 1055
632 1056
242 1057
117 1058
482 1059
97 1060
487 1061
88 1062
513 1063
131 1064
739 1065
176 1066
201 1067
412 1068
263 1069
921 1070
928 1071
282 1072
1008 1073
991 1074
301 1075
13 1076
320 1077
282 1078
920 1079
332 1080
951 1081
950 1082
701 1083
193 1084
905 1085
610 1086
310 1087
773 1088
264 1089
571 1090
886 1091
636 1092
981 1093
195 1094
737 1095
49 1096
487 1097
295 1098
332 1099
460 1100
742 1101
541 1102
354 1103
263 1104
641 1105
468 1106
572 1107
632 1108
424 1109
536 1110
686 1111
564 1112
939 1113
138 1114
693 1115
572 1116
675 1117
113 1118
924 1119
535 1120
206 1121
665 1122
851 1123
1100 1124
821 1125
616 1126
1047 1127
605 1128
632 1129
663 1130
650 1131
676 1132
1122 1133
295 1134
1021 1135
1082 1136
515 1137
843 1138
172 1139
273 1140
414 1141
643 1142
123 1143
213 1144
627 1145
1049 1146
506 1147
699 1148
375 1149
456 1150
145 1151
44 1152
899 1153
226 1154
172 1155
349 1156
626 1157
695 1158
107 1159
133 1160
953 1161
882 1162
204 1163
707 1164
329 1165
215 1166
42 1167
626 1168
127 1169
24 1170
1098 1171
707 1172
501 1173
1027 1174
458 1175
552 1176
65 1177
670 1178
947 1179
220 1180
673 1181
145 1182
485 1183
765 1184
1106 1185
377 1186
137 1187
941 1188
716 1189
696 1190
449 1191
424 1192
150 1193
781 1194
544 1195
844 1196
504 1197
701 1198
962 1199
40 1200
112 1201
1172 1202
280 1203
800 1204
219 1205
37 1206
507 1207
727 1208
131 1209
791 1210
46 1211
171 1212
882 1213
209 1214
834 1215
133 1216
780 1217
692 1218
33 1219
127 1220
1152 1221
843 1222
1080 1223
412 1224
342 1225
562 1226
1022 1227
610 1228
1102 1229
494 1230
723 1231
204 1232
768 1233
622 1234
443 1235
148 1236
256 1237
181 1238
898 1239
788 1240
602 1241
409 1242
1131 1243
645 1244
732 1245
874 1246
36 1247
162 1248
694 1249
853 1250
318 1251
1199 1252
733 1253
1166 1254
527 1255
905 1256
640 1257
275 1258
489 1259
884 1260
316 1261
721 1262
315 1263
706 1264
1213 1265
1091 1266
590 1267
995 1268
440 1269
84 1270
1227 1271
285 1272
524 1273
158 1274
282 1275
10 1276
868 1277
1050 1278
783 1279
590 1280
359 1281
1258 1282
1119 1283
406 1284
1202 1285
715 1286
347 1287
1278 1288
215 1289
173 1290
901 1291
983 1292
290 1293
951 1294
21 1295
322 1296
348 1297
941 1298
287 1299
1055 1300
77 1301
255 1302
1148 1303
1051 1304
469 1305
700 1306
903 1307
1137 1308
1308 1309
1294 1310
567 1311
184 1312
1012 1313
1100 1314
747 1315
961 1316
913 1317
586 1318
633 1319
494 1320
365 1321
952 1322
1031 1323
417 1324
512 1325
678 1326
857 1327
67 1328
1213 1329
782 1330
509 1331
609 1332
457 1333
1049 1334
352 1335
1269 1336
325 1337
403 1338
992 1339
143 1340
2 1341
1108 1342
1115 1343
220 1344
1260 1345
190 1346
1047 1347
933 1348
1215 1349
1188 1350
675 1351
156 1352
118 1353
399 1354
1325 1355
155 1356
498 1357
1244 1358
103 1359
675 1360
326 1361
221 1362
817 1363
1302 1364
1362 1365
156 1366
925 1367
982 1368
874 1369
969 1370
1241 1371
771 1372
984 1373
173 1374
226 1375
20 1376
678 1377
166 1378
508 1379
1357 1380
876 1381
1328 1382
701 1383
743 1384
922 1385
204 1386
87 1387
615 1388
876 1389
192 1390
296 1391
901 1392
713 1393
712 1394
1003 1395
1201 1396
1218 1397
921 1398
1398 1399
260 1400
1014 1401
20 1402
200 1403
402 1404
1172 1405
959 1406
401 1407
515 1408
1381 1409
957 1410
520 1411
1364 1412
960 1413
949 1414
158 1415
405 1416
1368 1417
499 1418
137 1419
894 1420
1277 1421
1045 1422
427 1423
1303 1424
290 1425
352 1426
530 1427
1416 1428
417 1429
1345 1430
335 1431
1170 1432
164 1433
527 1434
1010 1435
963 1436
33 1437
714 1438
980 1439
545 1440
1322 1441
292 1442
311 1443
115 1444
1314 1445
779 1446
759 1447
727 1448
140 1449
291 1450
304 1451
1340 1452
914 1453
753 1454
558 1455
1291 1456
812 1457
146 1458
1327 1459
1250 1460
465 1461
990 1462
1080 1463
578 1464
162 1465
111 1466
1007 1467
639 1468
1331 1469
392 1470
1388 1471
1247 1472
1030 1473
869 1474
1460 1475
1334 1476
1332 1477
161 1478
114 1479
1437 1480
564 1481
1390 1482
223 1483
174 1484
401 1485
670 1486
692 1487
37 1488
905 1489
224 1490
1349 1491
637 1492
20 1493
408 1494
38 1495
103 1496
1009 1497
184 1498
1436 1499
56 1500
1141 1501
1180 1502
1422 1503
1245 1504
817 1505
1210 1506
278 1507
624 1508
201 1509
187 1510
434 1511
21 1512
1396 1513
1395 1514
1282 1515
891 1516
1068 1517
284 1518
1181 1519
1093 1520
884 1521
371 1522
411 1523
1224 1524
496 1525
390 1526
12 1527
78 1528
537 1529
408 1530
986 1531
1249 1532
54 1533
640 1534
898 1535
1073 1536
78 1537
1257 1538
464 1539
1508 1540
1478 1541
59 1542
61 1543
1220 1544
1282 1545
1200 1546
1034 1547
637 1548
755 1549
1545 1550
729 1551
767 1552
1136 1553
750 1554
239 1555
78 1556
1371 1557
669 1558
892 1559
1108 1560
712 1561
1134 1562
638 1563
1091 1564
860 1565
973 1566
732 1567
1461 1568
165 1569
746 1570
1362 1571
1438 1572
497 1573
331 1574
1375 1575
845 1576
920 1577
657 1578
1461 1579
1063 1580
305 1581
1142 1582
358 1583
1162 1584
1551 1585
1329 1586
21 1587
1504 1588
1114 1589
576 1590
452 1591
1379 1592
1490 1593
823 1594
912 1595
651 1596
240 1597
1174 1598
747 1599
821 1600
471 1601
1295 1602
383 1603
1553 1604
287 1605
1191 1606
1009 1607
36 1608
946 1609
40 1610
21 1611
177 1612
1278 1613
1204 1614
226 1615
53 1616
1126 1617
429 1618
909 1619
671 1620
514 1621
33 1622
986 1623
677 1624
818 1625
421 1626
236 1627
1161 1628
751 1629
632 1630
1508 1631
1016 1632
1391 1633
681 1634
1064 1635
169 1636
1492 1637
1083 1638
856 1639
954 1640
1546 1641
339 1642
703 1643
332 1644
1397 1645
1344 1646
135 1647
1133 1648
165 1649
406 1650
1246 1651
1638 1652
1634 1653
784 1654
870 1655
341 1656
1446 1657
117 1658
1357 1659
1536 1660
388 1661
822 1662
1142 1663
63 1664
1175 1665
1086 1666
637 1667
483 1668
18 1669
357 1670
889 1671
866 1672
506 1673
3 1674
167 1675
1577 1676
1062 1677
137 1678
1484 1679
1072 1680
1242 1681
1042 1682
175 1683
660 1684
532 1685
1314 1686
243 1687
502 1688
119 1689
345 1690
595 1691
301 1692
490 1693
1321 1694
1463 1695
365 1696
1224 1697
1153 1698
1426 1699
1227 1700
315 1701
1689 1702
391 1703
1496 1704
582 1705
785 1706
20 1707
695 1708
1444 1709
1448 1710
491 1711
1641 1712
433 1713
1468 1714
804 1715
529 1716
1648 1717
936 1718
635 1719
76 1720
44 1721
559 1722
1123 1723
802 1724
884 1725
1251 1726
843 1727
1435 1728
811 1729
1427 1730
1311 1731
1132 1732
1208 1733
1084 1734
970 1735
910 1736
588 1737
1635 1738
82 1739
575 1740
117 1741
751 1742
1458 1743
1568 1744
251 1745
432 1746
1739 1747
403 1748
1350 1749
307 1750
840 1751
899 1752
338 1753
1341 1754
80 1755
684 1756
1544 1757
1146 1758
1005 1759
292 1760
1684 1761
919 1762
802 1763
1184 1764
185 1765
1402 1766
1180 1767
985 1768
337 1769
258 1770
783 1771
1467 1772
1132 1773
1331 1774
1502 1775
204 1776
524 1777
1181 1778
1592 1779
1155 1780
82 1781
273 1782
390 1783
732 1784
971 1785
573 1786
562 1787
501 1788
1628 1789
306 1790
140 1791
746 1792
451 1793
48 1794
537 1795
1038 1796
104 1797
346 1798
1564 1799
1323 1800
587 1801
782 1802
833 1803
683 1804
182 1805
1549 1806
424 1807
1174 1808
547 1809
666 1810
914 1811
1414 1812
155 1813
515 1814
834 1815
686 1816
513 1817
758 1818
994 1819
1395 1820
317 1821
1411 1822
197 1823
10 1824
1716 1825
1105 1826
1465 1827
1632 1828
973 1829
1490 1830
894 1831
246 1832
1590 1833
303 1834
1462 1835
1693 1836
1623 1837
1257 1838
1409 1839
690 1840
1088 1841
298 1842
1257 1843
1460 1844
684 1845
1348 1846
708 1847
1472 1848
851 1849
348 1850
1203 1851
1441 1852
827 1853
1184 1854
142 1855
1313 1856
203 1857
1223 1858
22 1859
707 1860
379 1861
968 1862
1345 1863
1391 1864
1136 1865
113 1866
411 1867
399 1868
1847 1869
967 1870
1680 1871
1396 1872
1468 1873
328 1874
1272 1875
1369 1876
1297 1877
1533 1878
898 1879
131 1880
1287 1881
1346 1882
687 1883
310 1884
1155 1885
930 1886
1161 1887
1438 1888
984 1889
1067 1890
1850 1891
39 1892
210 1893
1318 1894
244 1895
303 1896
113 1897
1259 1898
441 1899
434 1900
921 1901
94 1902
1079 1903
141 1904
1535 1905
183 1906
311 1907
48 1908
1695 1909
576 1910
360 1911
940 1912
74 1913
1454 1914
70 1915
518 1916
267 1917
606 1918
344 1919
54 1920
373 1921
141 1922
1488 1923
1449 1924
1119 1925
448 1926
875 1927
1250 1928
1059 1929
302 1930
1848 1931
81 1932
1382 1933
1128 1934
999 1935
1919 1936
119 1937
294 1938
142 1939
1731 1940
316 1941
583 1942
331 1943
1217 1944
661 1945
1046 1946
657 1947
749 1948
1500 1949
481 1950
556 1951
166 1952
508 1953
429 1954
1752 1955
1092 1956
669 1957
1490 1958
719 1959
839 1960
360 1961
1012 1962
1880 1963
225 1964
333 1965
30 1966
1328 1967
1198 1968
1454 1969
127 1970
516 1971
55 1972
1766 1973
37 1974
1736 1975
183 1976
7 1977
1556 1978
812 1979
1448 1980
818 1981
114 1982
1510 1983
722 1984
597 1985
200 1986
395 1987
911 1988
180 1989
1168 1990
1471 1991
1474 1992
1705 1993
890 1994
420 1995
1975 1996
1700 1997
474 1998
317 1999
1904 2000
98 2001
772 2002
1416 2003
1653 2004
556 2005
227 2006
334 2007
779 2008
1914 2009
871 2010
1305 2011
1133 2012
1450 2013
842 2014
1918 2015
297 2016
729 2017
983 2018
1719 2019
1264 2020
699 2021
1740 2022
1170 2023
1436 2024
1319 2025
1454 2026
323 2027
264 2028
1955 2029
15 2030
1216 2031
1128 2032
1086 2033
1597 2034
104 2035
1679 2036
35 2037
1796 2038
802 2039
1081 2040
1932 2041
26 2042
1796 2043
115 2044
1107 2045
1050 2046
1476 2047
1176 2048
727 2049
1882 2050
2034 2051
1304 2052
148 2053
87 2054
643 2055
1235 2056
1396 2057
309 2058
1198 2059
1081 2060
905 2061
1286 2062
796 2063
1401 2064
505 2065
973 2066
171 2067
1523 2068
241 2069
148 2070
2022 2071
1765 2072
324 2073
515 2074
1226 2075
1849 2076
938 2077
966 2078
683 2079
1092 2080
305 2081
1167 2082
971 2083
849 2084
1674 2085
1228 2086
1163 2087
811 2088
1152 2089
79 2090
1236 2091
1677 2092
1237 2093
353 2094
196 2095
910 2096
1969 2097
1102 2098
1561 2099
72 2100
925 2101
656 2102
705 2103
1365 2104
690 2105
1541 2106
590 2107
687 2108
1276 2109
43 2110
1153 2111
984 2112
1284 2113
2049 2114
1650 2115
277 2116
1485 2117
473 2118
1834 2119
988 2120
1523 2121
1776 2122
1302 2123
1556 2124
1134 2125
1172 2126
697 2127
93 2128
707 2129
665 2130
271 2131
479 2132
189 2133
2002 2134
107 2135
204 2136
110 2137
178 2138
1159 2139
511 2140
511 2141
871 2142
1382 2143
2108 2144
2102 2145
777 2146
1672 2147
929 2148
528 2149
492 2150
132 2151
624 2152
2018 2153
1278 2154
1744 2155
1173 2156
618 2157
454 2158
1671 2159
1474 2160
914 2161
1412 2162
1986 2163
357 2164
2032 2165
1705 2166
705 2167
1621 2168
672 2169
1964 2170
363 2171
1421 2172
1927 2173
1255 2174
577 2175
2162 2176
884 2177
1465 2178
156 2179
889 2180
1642 2181
161 2182
269 2183
397 2184
155 2185
487 2186
419 2187
155 2188
495 2189
602 2190
89 2191
1089 2192
1595 2193
447 2194
1192 2195
1946 2196
2039 2197
1441 2198
1803 2199
2118 2200
1322 2201
1015 2202
1791 2203
555 2204
1727 2205
1144 2206
504 2207
30 2208
980 2209
248 2210
1546 2211
438 2212
1679 2213
938 2214
1849 2215
1362 2216
1418 2217
1704 2218
939 2219
358 2220
1853 2221
357 2222
656 2223
2086 2224
504 2225
1056 2226
597 2227
1575 2228
2130 2229
1721 2230
1202 2231
1890 2232
288 2233
1584 2234
400 2235
282 2236
1 2237
853 2238
739 2239
2107 2240
640 2241
1314 2242
1888 2243
813 2244
1778 2245
2230 2246
1303 2247
2191 2248
570 2249
791 2250
1097 2251
1467 2252
1011 2253
1985 2254
903 2255
2197 2256
810 2257
2143 2258
1277 2259
1543 2260
253 2261
1822 2262
416 2263
1601 2264
1387 2265
1515 2266
802 2267
2216 2268
1673 2269
1289 2270
1377 2271
452 2272
1229 2273
319 2274
1763 2275
803 2276
29 2277
298 2278
1945 2279
101 2280
617 2281
1875 2282
1833 2283
883 2284
545 2285
13 2286
1024 2287
856 2288
1658 2289
1148 2290
597 2291
1547 2292
1258 2293
1046 2294
85 2295
2035 2296
925 2297
1654 2298
2084 2299
343 2300
1691 2301
1294 2302
987 2303
424 2304
300 2305
2021 2306
1881 2307
881 2308
1926 2309
1659 2310
228 2311
2275 2312
1457 2313
192 2314
706 2315
614 2316
1514 2317
1045 2318
1209 2319
161 2320
1493 2321
998 2322
1762 2323
2246 2324
328 2325
2178 2326
929 2327
1602 2328
760 2329
1730 2330
1069 2331
293 2332
1809 2333
443 2334
809 2335
1055 2336
1341 2337
1569 2338
682 2339
1274 2340
1489 2341
1493 2342
229 2343
33 2344
203 2345
1616 2346
2131 2347
1750 2348
752 2349
181 2350
243 2351
1854 2352
1533 2353
179 2354
1217 2355
1440 2356
677 2357
312 2358
849 2359
455 2360
539 2361
2355 2362
510 2363
2305 2364
55 2365
2212 2366
1393 2367
1319 2368
2027 2369
1324 2370
2251 2371
2102 2372
1322 2373
881 2374
350 2375
1708 2376
59 2377
902 2378
182 2379
516 2380
1422 2381
281 2382
832 2383
495 2384
601 2385
1786 2386
1206 2387
2012 2388
984 2389
229 2390
215 2391
94 2392
913 2393
1707 2394
584 2395
1556 2396
303 2397
1764 2398
2280 2399
550 2400
1757 2401
480 2402
1971 2403
876 2404
1722 2405
1456 2406
885 2407
1354 2408
119 2409
204 2410
1182 2411
65 2412
902 2413
704 2414
1874 2415
858 2416
60 2417
360 2418
418 2419
1992 2420
720 2421
619 2422
72 2423
1421 2424
580 2425
189 2426
396 2427
348 2428
1144 2429
1100 2430
1879 2431
682 2432
1278 2433
31 2434
2138 2435
2138 2436
1140 2437
2098 2438
479 2439
1080 2440
2430 2441
2355 2442
2377 2443
2158 2444
1558 2445
593 2446
270 2447
94 2448
1071 2449
1380 2450
1852 2451
2360 2452
725 2453
1738 2454
2308 2455
24 2456
1280 2457
638 2458
1143 2459
662 2460
1562 2461
2369 2462
459 2463
1231 2464
890 2465
1202 2466
1298 2467
1117 2468
1731 2469
1146 2470
998 2471
238 2472
1919 2473
1451 2474
274 2475
2448 2476
398 2477
1786 2478
93 2479
2451 2480
385 2481
1164 2482
1919 2483
913 2484
218 2485
12 2486
533 2487
1697 2488
1316 2489
1056 2490
826 2491
2362 2492
2440 2493
1852 2494
2031 2495
1259 2496
261 2497
1645 2498
329 2499
2048 2500
1692 2501
1156 2502
363 2503
2249 2504
2098 2505
12 2506
898 2507
2039 2508
2406 2509
2252 2510
449 2511
281 2512
796 2513
1903 2514
1703 2515
1620 2516
2018 2517
2117 2518
2288 2519
2500 2520
354 2521
1839 2522
845 2523
461 2524
2446 2525
1405 2526
1913 2527
604 2528
349 2529
1231 2530
1205 2531
1263 2532
858 2533
1013 2534
1283 2535
922 2536
1481 2537
1773 2538
755 2539
2086 2540
1792 2541
1057 2542
1318 2543
1989 2544
826 2545
1697 2546
957 2547
994 2548
1027 2549
1653 2550
150 2551
2225 2552
571 2553
886 2554
2256 2555
1082 2556
1150 2557
791 2558
1203 2559
1185 2560
713 2561
1583 2562
732 2563
225 2564
1007 2565
1661 2566
913 2567
409 2568
2330 2569
1227 2570
1295 2571
723 2572
2068 2573
356 2574
2355 2575
1489 2576
2369 2577
1384 2578
226 2579
615 2580
2092 2581
2520 2582
1225 2583
1963 2584
241 2585
118 2586
977 2587
770 2588
1274 2589
2258 2590
1901 2591
403 2592
1884 2593
2304 2594
1981 2595
1669 2596
2315 2597
345 2598
327 2599
171 2600
2551 2601
2161 2602
71 2603
1555 2604
272 2605
1553 2606
748 2607
2092 2608
1280 2609
400 2610
1957 2611
1147 2612
1289 2613
2087 2614
1011 2615
483 2616
832 2617
561 2618
1006 2619
75 2620
2153 2621
2315 2622
386 2623
2354 2624
34 2625
416 2626
686 2627
577 2628
1760 2629
1167 2630
145 2631
285 2632
572 2633
717 2634
2190 2635
952 2636
752 2637
1196 2638
1372 2639
2458 2640
242 2641
1196 2642
2361 2643
271 2644
1389 2645
917 2646
585 2647
671 2648
1723 2649
559 2650
334 2651
761 2652
2305 2653
541 2654
213 2655
443 2656
405 2657
2302 2658
1499 2659
2145 2660
837 2661
1709 2662
1444 2663
1682 2664
2002 2665
1443 2666
2498 2667
1590 2668
2391 2669
685 2670
1 1614 10
2 2410
2 714
1 1631 4
2 2579
1 173 6
2 910
2 172
1 1680 5
1 1349 6
1 188 9
1 358 1
1 2584 5
1 1325 4
2 1147
1 1729 6
1 1974 1
1 258 4
1 1692 4
1 587 7
2 2144
1 673 8
2 1490
1 677 1
2 860
1 1757 10
1 1293 7
1 1797 2
1 122 4
2 164
2 1468
1 447 10
1 2520 9
1 2606 8
1 713 4
2 1101
2 2413
2 1605
2 479
2 216
1 2476 7
2 2160
2 1026
1 875 2
1 2452 9
1 33 4
1 1602 2
2 1460
1 1287 10
1 1677 6
2 2359
2 1817
1 2367 9
1 1403 2
2 2494
1 793 7
1 2345 10
1 1142 2
1 666 6
2 2655
1 1772 8
2 2299
1 2348 2
1 2486 10
1 455 8
2 2022
1 1910 4
1 1030 4
1 99 4
1 2551 3
2 2002
2 82
2 2277
2 2136
2 1666
1 2163 10
1 2306 4
1 859 7
2 2333
1 884 6
2 2662
2 1084
2 27
1 2479 4
1 2598 6
1 271 7
2 2317
2 1437
1 1599 4
2 2164
2 1623
2 47
1 1487 9
2 2070
1 1506 3
1 1384 8
1 1354 8
1 321 7
1 456 4
2 1435
1 1246 10
2 932
2 1224
1 595 7
2 2132
1 2081 4
2 1486
2 705
1 1374 2
1 1445 6
1 692 4
1 1890 4
1 1467 5
1 1447 2
1 1496 1
2 1725
1 1582 10
2 1021
2 827
1 1999 4
1 1663 6
2 833
2 205
2 1882
2 2031
1 2390 6
1 1420 10
2 501
1 946 2
2 1844
1 2134 3
1 1664 7
1 549 1
1 666 9
1 1927 4
2 1953
1 431 2
2 1093
2 1404
1 1330 6
2 2036
1 421 7
2 1858
1 164 8
2 519
1 995 10
2 2214
2 1556
2 476
2 1908
2 379
1 516 5
2 832
1 85 2
2 638
1 900 10
2 1511
2 1950
1 828 5
2 1251
1 1898 2
2 2087
2 1111
1 1139 9
2 2347
1 1725 7
2 794
2 2065
2 808
2 362
1 283 3
2 1745
1 1632 7
1 782 2
2 1258
2 1848
1 1405 9
2 665
1 735 4
2 1636
2 1868
2 1773
1 354 4
1 658 6
2 1923
1 2236 8
2 45
2 1924
2 2108
1 2438 10
2 2291
2 1357
2 1192
2 1590
2 493
1 1753 3
1 996 3
1 2323 2
2 1521
2 1671
1 785 4
1 521 1
1 1216 4
1 176 5
2 407
2 838
1 653 2
1 2345 6
2 2530
2 1067
2 1583
2 1414
2 2356
2 352
2 1260
2 346
2 221
1 2648 3
1 2082 10
1 2316 1
2 1048
1 200 6
2 1629
2 2227
1 1191 3
2 1186
1 999 1
1 1852 5
1 804 7
2 1311
2 1264
2 2655
1 1279 6
1 1375 4
2 246
1 215 7
1 778 1
2 654
2 2535
2 183
1 1313 8
2 1603
1 2230 3
2 10
1 1975 9
1 2171 9
2 2003
1 2305 8
1 1411 3
1 926 10
2 550
1 1041 1
2 1242
2 287
2 1934
1 1532 3
1 640 8
1 1863 3
1 1009 5
1 639 7
1 1674 3
2 1431
1 2429 7
1 254 6
2 2122
1 292 3
1 1583 9
1 2534 1
1 2503 1
1 355 4
2 1923
2 388
1 2271 8
2 883
1 600 5
2 911
2 232
1 514 8
2 96
2 1294
1 1032 8
2 2535
1 472 6
1 2454 9
2 417
1 770 7
1 2442 1
1 1623 8
2 154
2 2006
2 1895
1 1009 10
2 1596
2 1397
2 223
1 1091 7
2 360
1 2247 2
2 601
2 2174
2 1911
1 1442 4
2 1418
1 222 6
2 1414
1 1796 5
1 1606 3
1 2541 8
1 2149 5
2 2342
1 690 8
2 2412
1 55 2
2 616
1 1462 9
2 2161
1 26 5
1 137 9
1 1790 8
2 1510
1 2537 5
1 2605 4
1 1081 6
2 1907
2 2259
1 57 4
2 1961
2 1805
2 1081
2 500
2 2129
1 1725 5
1 779 4
2 1435
2 2624
1 1075 3
1 342 2
2 1497
2 2516
1 2346 5
2 637
1 235 4
2 1666
1 1924 2
2 1754
1 2434 9
1 2448 1
1 2024 10
2 1199
1 1903 9
2 912
1 833 5
2 1900
2 753
1 1835 7
1 777 2
2 197
2 18
2 2126
1 366 5
2 1490
1 1605 2
2 486
2 1558
2 896
1 83 2
2 1644
1 76 3
1 1510 1
2 2538
2 2063
1 1778 2
1 127 10
2 222
2 1469
1 1240 3
1 1910 3
2 397
1 2452 4
2 2422
2 2032
2 2594
1 1091 3
2 2221
1 1806 7
2 1430
1 29 9
2 959
1 1769 5
2 1255
1 1223 3
2 2209
2 385
1 1692 1
2 1105
2 2455
1 1281 3
1 383 3
2 622
2 532
2 270
2 768
1 2467 3
1 803 6
2 1687
1 2172 9
2 2241
2 440
2 1148
2 4
2 387
1 2013 1
1 1681 10
2 559
1 622 2
1 1304 3
1 674 5
1 771 10
1 2148 2
1 879 3
2 717
2 1265
2 1758
2 1912
2 1220
2 964
2 1481
1 1766 9
2 1115
2 1249
2 135
2 734
2 1367
2 1427
2 994
2 399
1 516 5
2 1453
1 359 1
1 778 2
2 1901
2 2163
2 418
1 1843 6
2 1506
1 2456 10
2 1410
2 1721
2 461
2 211
1 714 4
1 2218 4
2 1327
1 2302 9
1 2160 10
1 419 2
1 2363 2
1 1299 8
1 1787 1
2 1480
1 2577 6
1 384 5
2 2033
2 1144
1 2536 9
1 2089 1
1 1610 5
2 1474
2 492
2 108
2 1636
2 625
2 1621
1 102 5
1 2120 5
1 764 8
1 2325 6
1 1658 7
1 1855 6
2 2372
2 1704
1 1931 6
2 2040
2 2240
2 1468
1 951 2
2 2185
2 1623
1 2391 10
2 746
2 1638
2 2658
2 1995
2 2192
1 644 5
2 1550
2 932
2 2060
1 128 6
2 2488
1 1851 9
2 450
1 2049 10
1 705 1
2 794
2 28
2 478
2 1594
2 1003
2 2354
2 1725
2 382
1 2074 2
1 520 6
1 2079 10
1 2477 7
1 496 1
2 1007
2 1950
2 1836
2 1316
2 763
1 518 5
1 869 7
2 2220
1 2578 6
2 1422
1 1898 6
2 1782
2 1476
2 1900
1 2412 10
2 2122
1 1675 9
1 1868 3
2 626
2 93
1 1753 6
1 551 2
2 48
2 2022
2 1029
1 765 10
2 1386
1 804 4
2 1918
2 2199
1 252 1
2 1840
1 1005 1
2 731
1 1004 5
1 111 8
1 45 10
2 1245
1 2043 6
2 2433
2 712
2 1795
1 282 10
1 450 6
2 2127
2 680
2 865
2 2206
1 2098 1
2 1258
1 1961 4
1 2319 4
2 1289
1 1818 7
1 1178 4
1 2310 5
2 1418
2 1610
1 1631 9
1 1792 6
1 772 9
1 708 1
1 2522 10
2 1618
2 1306
1 388 5
2 321
2 2654
1 2139 10
1 1798 9
1 445 9
2 360
2 146
1 278 6
1 2044 1
1 2439 3
1 1906 3
1 2101 9
2 1736
1 1012 1
2 91
2 1281
2 649
2 690
1 1461 5
1 1539 5
1 614 8
1 916 3
1 823 1
2 2481
2 670
2 1775
2 975
1 1867 9
2 195
2 111
2 2053
1 1994 2
1 1075 10
1 2447 9
1 916 10
1 1323 7
1 2480 3
1 1316 8
2 333
2 629
2 2372
2 1723
2 64
2 96
2 1917
2 2471
1 327 6
2 1818
2 1015
1 1823 8
2 1265
2 1663
2 2521
1 1953 1
1 2251 8
1 2468 7
2 1724
1 169 10
1 2267 9
1 2053 4
2 518
2 1856
1 156 7
2 407
2 1598
2 993
2 1146
1 387 3
2 2501
1 2223 5
2 1294
2 2350
2 502
2 911
1 955 7
2 751
1 181 9
2 358
2 283
1 551 6
2 2624
2 2141
1 2445 9
2 258
2 2306
1 1431 1
2 1562
1 649 6
2 1368
2 1164
2 1542
2 2524
1 441 7
1 730 10
2 463
1 1245 1
1 2129 10
2 1007
1 108 8
1 2261 5
2 1449
2 976
1 2303 4
2 1996
2 1003
1 53 8
2 1958
1 803 7
2 648
2 1468
2 2101
1 2613 10
2 1974
1 867 2
2 2050
1 1919 2
2 1427
2 1022
2 2021
2 2603
1 2371 5
2 1476
2 716
1 2496 5
2 815
1 1702 10
2 909
2 1086
1 1809 8
2 562
1 2357 7
2 2348
1 1464 2
1 451 7
1 787 5
1 1844 2
2 2078
1 247 4
2 1387
1 936 7
2 2258
2 956
2 535
2 997
1 1477 6
1 649 4
1 1576 9
2 1
1 298 5
2 2435
1 742 1
1 2589 8
2 1442
1 1592 3
1 1350 2
2 502
2 1041
1 2029 10
1 1867 1
1 348 8
1 2146 3
1 1603 1
1 51 9
1 791 5
2 856
2 361
2 895
2 207
2 1242
2 1361
2 131
2 1581
1 1286 9
2 2589
2 380
2 1898
2 47
1 647 2
1 1052 4
2 124
2 2485
2 2281
1 681 6
2 817
1 2424 6
1 1270 6
1 718 2
2 840
1 1907 4
2 2286
2 2390
2 1053
1 306 6
2 2222
1 1357 7
2 480
1 799 4
1 187 4
2 2083
1 685 4
2 1016
1 978 10
2 2219
2 1626
2 2122
2 1334
2 1904
2 1822
2 350
1 1660 8
1 2201 6
2 1497
2 735
1 2052 3
1 836 8
2 1528
1 491 8
1 31 7
2 1500
1 2072 2
2 1865
2 875
1 1875 8
2 2632
1 1011 5
2 1979
2 704
2 2484
1 70 6
1 1257 8
2 2299
2 2665
1 1379 9
2 2349
2 861
2 2274
1 1570 2
2 1463
2 56
1 306 3
1 600 1
2 2148
1 329 9
1 1524 9
2 2463
2 1939
2 2115
2 1892
2 1936
1 1236 6
1 987 2
1 1433 5
2 880
2 726
1 210 8
1 788 3
2 1454
1 1997 3
1 1846 10
1 211 6
2 742
2 1506
1 133 2
2 134
2 1798
2 1132
1 1325 3
2 898
1 1776 5
2 1192
2 1046
1 2126 10
2 1013
2 2507
1 1005 3
1 1665 9
2 697
1 2126 9
2 329
1 2515 7
2 753
1 2300 10
1 390 5
1 572 7
2 969
2 450
1 2582 6
1 1299 3
1 2442 8
1 852 7
2 2286
2 2066
2 2385
2 1318
1 2187 2
1 331 1
1 1540 6
1 227 1
2 1458
2 435
1 1598 4
1 2575 3
1 1999 5
1 133 8
2 807
2 293
1 640 3
2 1439
2 2103
2 1233
2 587
2 2370
2 375
1 1444 1
2 1997
2 111
1 2250 7
2 2601
2 820
2 204
1 2663 5
1 1828 9
2 251
1 1252 3
2 2221
2 1397
1 277 10
1 2106 8
1 331 7
2 2389
1 1446 6
2 498
1 1775 3
2 419
1 2518 2
2 1466
2 254
1 90 8
1 767 5
1 2631 10
1 2348 6
1 1209 1
2 325
1 2526 6
1 1302 1
2 825
2 489
1 310 5
1 841 2
2 906
1 2533 7
1 541 1
2 1088
1 1774 6
1 2471 4
2 874
1 1812 9
1 1034 3
2 951
2 244
1 400 7
1 1538 2
2 1731
2 432
2 2023
2 152
1 1274 8
1 2375 1
2 2547
2 2221
2 2665
1 954 10
1 1882 6
1 641 2
1 2392 10
2 161
1 2011 3
1 1204 8
2 1382
2 2436
1 2649 5
1 1628 5
2 1876
1 2030 5
1 456 1
2 1612
1 287 7
1 2612 10
1 597 8
1 601 5
2 86
1 918 10
2 1344
2 2199
2 2211
2 978
2 533
2 1168
2 1010
1 1255 7
1 579 1
1 723 9
2 2377
2 2063
2 1894
1 1083 1
2 1838
2 2137
2 955
2 498
1 2198 1
1 140 8
2 2462
2 1960
1 1344 8
2 923
1 1740 5
2 943
2 527
2 1040
1 261 8
2 1097
2 1458
1 149 2
2 1405
2 139
1 1464 9
2 2600
2 2237
1 1868 6
2 2561
2 1814
1 2212 2
2 2623
2 1925
2 314
2 362
1 2481 8
1 654 10
2 2463
2 1785
2 177
1 1008 9
1 1279 1
2 2022
2 2273
1 2660 5
2 725
1 1562 8
1 2137 10
1 2254 7
2 1636
1 2266 5
1 106 4
2 1493
2 2198
1 1809 3
2 172
1 1805 8
1 1338 10
2 763
1 1235 6
2 355
1 124 6
1 2008 4
1 2174 1
2 1216
2 2022
1 2038 7
1 1834 10
2 1825
1 1038 5
2 1854
2 1203
1 1951 1
1 2249 7
2 1357
2 157
1 176 1
1 1772 9
1 426 1
2 1019
1 1583 5
1 1529 4
1 2361 9
1 1463 2
2 281
2 1045
1 1680 10
1 1289 2
2 1740
2 1797
1 43 4
1 864 6
2 118
1 984 3
1 2444 1
2 1228
2 797
1 1632 5
2 2086
1 1249 3
2 353
1 154 6
1 876 6
2 2193
2 406
2 2569
1 204 4
1 2146 4
2 1148
1 409 3
2 1342
1 1185 2
1 2365 1
2 1684
1 1921 1
1 2606 6
1 191 7
2 1392
1 1889 3
2 2618
1 955 7
2 2062
2 2273
2 234
1 578 8
1 470 2
2 871
2 1001
1 1893 1
1 2445 7
1 2546 2
2 1378
2 1276
1 1844 6
1 596 1
2 2497
2 921
2 2132
2 1393
1 1523 7
1 1265 5
1 518 4
2 391
2 2551
2 737
2 829
2 2025
1 2204 9
2 980
1 532 1
1 1272 9
1 2652 5
2 2544
1 791 6
2 1149
2 1988
1 395 8
1 2234 5
1 1505 7
1 1240 6
2 1844
1 57 8
1 32 2
1 196 4
1 1177 1
2 1684
2 1127
2 1104
2 1887
2 2170
2 2479
2 770
2 266
2 491
2 1752
1 763 10
2 1004
1 2530 2
1 2422 8
1 54 8
2 145
1 1037 3
2 708
1 407 8
1 1780 9
1 826 10
1 1111 3
1 2386 5
1 285 1
1 1563 4
1 2285 8
1 374 8
2 1103
1 879 5
1 1601 5
1 779 3
1 1303 10
1 2023 9
2 160
1 178 5
2 2133
1 2143 4
2 1815
2 2020
2 892
2 208
1 1489 4
1 185 8
2 1019
1 2553 1
1 2088 4
2 1929
2 1380
1 893 1
2 1897
1 1369 5
1 2217 4
1 2005 3
2 2160
2 1564
1 274 2
1 2386 10
2 2637
2 279
1 2553 7
1 1784 4
1 1670 7
2 1991
1 2398 2
2 491
1 153 10
1 1102 8
1 185 1
2 2430
1 2006 6
2 1568
1 1690 7
2 2299
2 861
2 1331
1 2129 8
2 1349
1 1080 5
2 1036
1 50 1
2 2170
1 949 5
1 1513 8
2 1674
2 657
1 1385 4
1 2441 6
2 222
1 332 7
1 2056 8
1 541 6
1 1756 4
2 96
2 166
2 1886
2 1825
2 1597
1 2000 4
1 1760 1
2 2096
2 1980
1 938 9
2 332
1 1855 1
1 1318 10
1 1579 8
1 732 9
1 2262 3
2 1106
1 538 2
2 825
2 1269
2 2394
2 2633
2 2643
1 1768 6
1 2310 2
1 40 5
2 2369
1 1078 8
1 1001 2
1 503 5
2 2109
2 278
1 1716 4
2 1718
1 714 1
1 409 8
1 884 10
2 383
1 50 6
2 1683
2 1730
1 2352 4
1 2646 3
2 1305
2 8
1 2370 4
1 2150 6
2 807
1 1853 2
1 2462 4
2 365
2 791
1 2291 2
1 767 5
2 159
1 1092 2
2 741
1 2185 8
1 1913 7
1 2531 1
2 240
1 2507 5
2 1255
1 1586 2
2 1122
1 701 8
1 191 4
1 1151 5
1 157 5
1 1092 2
1 1491 7
2 72
2 107
2 1769
2 603
2 1902
1 668 2
2 2418
2 2163
1 399 4
2 451
2 2397
2 293
2 1642
1 2241 6
2 1752
2 587
1 932 5
1 1299 4
1 1229 4
1 1291 9
2 1828
1 130 4
2 1000
2 1155
1 242 1
2 1080
2 811
1 1848 8
2 1050
1 57 4
2 2515
1 2141 8
2 1402
1 691 2
2 1353
1 822 2
1 310 4
1 2398 7
2 2151
2 2658
1 2498 6
2 2028
1 56 7
1 2475 3
1 586 5
2 649
2 994
1 1537 7
2 483
1 897 5
2 2404
1 1252 5
1 838 6
1 275 6
2 2299
2 535
1 59 5
2 247
1 2629 9
2 1124
1 1267 2
2 2508
2 1406
2 468
2 146
1 874 4
1 2534 7
1 1278 8
1 2099 5
1 2536 2
2 1288
1 1851 1
2 458
1 265 5
1 135 4
2 978
1 1432 10
1 2485 7
1 92 10
2 627
2 1894
2 2402
2 1771
2 1659
1 1357 5
2 544
2 482
1 519 9
2 2390
2 278
1 2599 8
2 1228
2 1131
2 2271
2 470
1 1072 8
2 41
2 2261
1 236 9
2 291
2 2359
2 879
2 855
2 391
1 432 6
2 2099
2 180
2 2239
1 1352 10
2 2326
2 1337
2 1255
2 1043
2 1594
1 313 9
1 1609 7
2 1556
1 282 9
1 652 6
2 1279
1 2237 9
1 1039 1
2 1471
1 245 4
1 1231 3
2 2372
2 2305
2 984
2 1392
2 1031
1 1802 2
1 464 1
2 73
1 1231 7
1 1285 7
1 1410 2
1 715 2
1 674 9
2 2423
2 1867
2 378
2 726
1 1334 5
1 1452 4
2 411
1 194 8
2 1647
2 835
1 856 4
1 627 7
1 2416 8
2 1109
1 2072 10
2 2242
1 884 6
1 851 6
1 1970 8
1 63 1
2 2041
2 2422
1 1256 10
2 333
1 1809 9
2 2178
1 488 1
2 2231
2 2422
2 2114
2 1878
1 1355 9
2 2241
1 4 10
1 2530 1
1 1035 10
1 1407 2
2 881
2 759
2 1080
1 626 10
1 1460 8
1 1186 5
2 1055
2 2055
1 450 5
1 2012 10
2 1755
2 1606
2 2514
2 1999
2 2326
1 699 6
2 1462
2 1775
2 1035
2 2270
2 810
1 873 7
2 2465
2 2272
1 1442 9
1 2011 8
2 283
1 621 1
1 1417 3
2 540
2 1150
1 1673 10
1 1482 2
1 1149 10
2 1549
1 2380 1
2 2374
2 368
1 173 7
1 1359 9
2 2316
2 2527
1 958 9
2 1960
2 2445
1 929 6
2 1561
1 2520 10
2 698
1 259 7
2 77
2 400
1 2169 5
1 1073 3
2 1862
1 2033 5
2 1602
1 2459 8
2 1964
2 327
2 521
1 1763 8
2 1410
1 1990 6
2 841
2 1871
2 363
2 1946
2 2502
1 378 1
1 2638 8
1 554 10
1 865 2
2 1722
1 71 6
1 1089 3
2 660
1 157 10
1 2419 5
1 2655 4
1 1080 10
1 399 3
2 2467
2 1153
2 1602
1 401 2
2 2095
1 404 5
1 330 8
2 1600
1 244 5
1 1523 3
1 127 5
1 707 6
1 1414 10
1 2301 6
1 643 5
1 2439 2
1 2180 1
1 2039 6
2 304
2 36
2 988
1 1507 5
1 1867 2
1 2357 5
2 1491
1 2391 8
1 96 6
2 2492
2 1442
1 1591 8
2 834
1 2475 7
2 310
2 1760
1 1672 3
2 4
2 1428
2 2611
2 1928
1 537 1
2 2207
2 1954
1 80 1
2 29
2 1437
1 1597 7
2 1406
2 2334
1 2295 5
1 1722 4
2 1670
2 2311
2 2500
2 2466
2 155
1 2564 5
1 1329 5
2 2443
2 2093
2 2221
1 2588 9
2 2357
1 1885 4
1 2364 3
1 358 8
2 1050
2 1067
1 1320 10
2 111
1 574 6
1 435 7
2 204
1 646 5
2 1233
1 2620 7
2 2123
1 976 9
2 923
1 2461 10
1 824 8
1 1746 10
1 765 9
1 2008 6
1 1228 5
2 2585
2 2030
1 1132 2
1 1892 5
1 1402 7
1 1485 3
1 2515 3
2 169
2 1771
2 2201
1 2045 1
2 39
2 2105
2 581
1 2144 3
2 2291
2 412
2 2365
1 995 3
2 996
2 2606
1 1417 8
1 2573 4
2 1055
1 926 7
1 2062 5
1 1863 4
1 409 2
1 254 3
1 2431 5
2 1270
1 2274 5
1 514 5
2 924
2 2660
1 1260 1
2 1640
2 480
1 584 8
1 1326 6
1 1749 9
1 871 3
2 462
1 1785 6
2 2433
1 2202 1
2 1669
2 508
1 2226 3
1 939 2
2 763
2 1222
1 1773 3
1 1694 9
1 225 2
1 1794 6
2 1997
1 253 5
2 579
1 1617 10
1 1401 9
2 1579
1 782 10
1 2377 6
1 325 6
1 509 2
1 1863 10
2 2237
2 184
2 2593
2 1215
2 1028
2 2317
2 1465
1 1755 4
2 1555
2 766
1 1150 10
1 1856 8
2 1244
2 758
2 562
1 1358 10
2 1576
1 2318 3
1 1949 5
2 1713
1 1195 2
1 2292 10
2 921
2 786
1 973 2
1 1526 4
1 2255 4
1 707 1
1 644 10
2 780
2 2638
1 2154 6
1 177 2
1 2517 1
2 404
2 2122
1 259 8
1 2529 5
1 1590 9
2 1948
2 2191
2 1887
2 631
2 1546
2 2131
2 1485
2 1536
2 780
2 2381
2 1088
1 1007 2
2 59
1 1953 2
2 1467
1 2425 8
2 114
2 1975
2 1010
2 729
2 63
2 1197
1 1897 5
2 2452
2 1531
2 2278
1 1878 4
2 163
2 1369
2 147
2 233
1 1961 2
2 2387
2 2528
1 2456 2
1 2071 6
1 2206 4
2 2
2 1856
1 1394 5
1 2150 1
1 393 1
1 2012 8
1 1555 5
1 1131 3
2 666
2 503
2 1834
2 348
1 995 2
2 289
1 615 5
1 1525 2
1 104 6
2 2395
1 325 8
2 1165
1 275 1
2 849
1 832 1
2 1710
2 2503
1 429 9
1 2379 6
2 2016
2 1949
2 496
1 1714 3
2 43
1 1093 6
1 1758 10
1 902 9
2 1871
2 2379
1 2308 9
1 1370 2
2 1842
1 678 1
1 2300 8
1 726 2
2 2221
1 3 8
2 2630
1 2525 1
1 253 8
2 684
1 1565 10
1 1156 9
1 821 4
1 1959 2
1 830 9
1 605 8
1 85 6
1 1172 5
2 1634
1 1983 9
2 461
2 1846
1 865 4
1 447 8
1 895 10
1 1073 3
1 2031 6
1 1549 6
2 2263
2 2388
2 2115
1 2449 4
1 1659 8
2 1987
2 550
1 1260 7
1 1295 6
2 31
1 1751 4
2 99
2 1772
2 820
2 51
1 187 7
1 2341 10
1 1994 5
1 549 6
1 428 10
1 318 8
1 1108 9
1 1482 1
2 1537
2 540
2 1852
2 1328
1 201 5
1 2101 9
1 2215 9
1 877 10
2 270
2 915
1 276 5
2 945
1 1207 4
2 2580
2 2625
1 1325 7
1 1743 6
2 1213
1 2068 10
1 888 5
2 2266
1 895 3
2 2418
1 151 1
2 1009
2 2435
2 1584
2 834
1 288 9
2 1190
2 2226
1 334 8
2 1779
2 536
2 1016
2 1334
1 2276 1
2 1030
2 1993
2 2093
2 1444
1 114 8
2 818
1 224 7
1 1125 10
1 1368 5
2 2264
1 1843 5
1 1481 5
2 1671
2 893
2 452
1 2081 1
2 1610
1 1788 10
2 2465
1 2465 10
2 1341
2 188
2 64
1 1004 9
2 1026
2 1721
1 1409 8
1 1066 7
2 641
1 776 9
1 1162 10
2 1504
2 656
1 1465 4
1 465 4
1 518 1
1 1621 5
2 1541
1 227 8
2 487
2 554
2 132
1 1398 8
1 2412 1
2 809
1 1647 2
2 1073
1 1743 6
2 394
1 732 7
1 557 6
2 944
1 2371 10
1 2402 4
2 13
2 22
2 1005
2 1963
1 1167 2
2 1012
1 2347 10
1 1706 2
1 362 5
1 1315 1
2 2424
1 2632 5
2 1796
2 988
2 441
1 942 10
1 1689 10
1 1707 4
1 695 8
2 1357
1 1626 1
2 617
1 1490 7
1 2607 6
1 349 4
2 1630
1 233 8
2 447
1 309 2
2 1635
1 1949 6
1 891 8
1 1611 7
2 842
1 1025 6
2 101
2 964
2 970
2 1507
2 44
2 399
2 1007
1 1822 4
2 2294
1 195 8
1 920 7
1 2137 1
1 477 2
1 1690 8
1 1876 5
1 1785 7
1 2213 10
2 1351
1 620 1
2 1642
2 373
2 2522
2 1776
2 5
1 906 5
2 2050
1 588 8
1 258 9
1 1782 8
2 287
2 1331
2 2414
1 1306 6
2 1729
2 2292
2 983
2 1973
1 372 10
1 88 9
1 1875 9
1 1807 2
1 2067 9
2 925
2 283
1 284 1
1 1881 1
2 1834
1 2430 1
2 335
2 113
2 1295
2 2269
2 683
1 923 5
1 401 6
2 1060
1 64 10
1 1230 9
1 2581 10
2 668
1 1572 5
1 554 7
2 1940
2 338
1 2430 2
1 303 1
1 1966 10
1 1599 3
1 2243 10
1 1777 1
1 622 4
2 345
1 2452 2
2 1339
1 667 5
1 156 3
2 205
1 583 1
1 1372 7
1 246 1
2 53
1 1944 10
2 1854
2 1891
2 770
2 2402
2 2526
2 75
1 1977 7
1 2037 6
2 2032
2 2393
2 631
1 1173 5
1 443 2
2 1383
1 2463 7
2 1529
1 783 10
1 536 9
2 262
2 2111
1 2045 1
1 252 10
1 2582 8
2 2414
2 2367
1 934 8
2 1071
1 784 3
1 626 7
1 2095 1
1 1735 1
1 778 5
1 253 10
2 775
2 416
2 1627
2 904
2 1538
1 1437 9
2 1666
2 2247
1 2102 6
1 177 10
2 2102
2 446
2 1314
2 200
2 2493
1 1466 7
1 230 4
1 1369 6
1 1896 3
2 2032
2 682
2 954
2 742
2 1367
2 2513
1 1495 7
1 2301 3
2 63
1 1052 5
1 77 4
1 846 7
1 1443 4
2 29
1 563 9
2 596
1 2409 10
2 1134
2 2662
2 2273
1 540 1
2 2386
2 412
1 2146 10
2 817
1 1968 4
1 1205 1
1 1544 2
2 1635
1 618 8
1 1115 2
2 681
2 1201
2 847
1 1103 10
1 2204 5
1 695 1
1 1279 10
2 489
2 2102
2 1767
1 981 10
1 1870 7
2 2406
2 238
2 102
2 650
2 682
1 2111 10
1 1568 6
1 2648 1
2 1025
1 462 10
1 482 6
1 2149 1
2 412
2 2474
2 1042
2 1756
2 2137
1 1736 5
2 385
1 155 7
1 1111 7
2 2425
1 1521 8
2 58
1 1319 3
2 763
2 102
2 226
2 1898
1 560 10
1 761 1
2 2658
1 893 2
2 317
1 2412 3
2 672
2 2076
1 1045 6
1 2125 10
2 1458
2 2121
1 1116 7
1 914 8
1 1252 4
1 1690 3
2 2194
1 234 2
2 1893
1 440 4
2 1665
2 2016
2 1782
2 2099
1 1060 9
2 2595
1 2377 8
2 801
1 1061 2
2 2372
2 79
2 2430
1 1574 2
1 308 1
1 865 2
1 2484 10
2 2173
2 1389
1 2669 5
1 215 9
1 1484 2
1 471 9
2 3
1 1638 5
1 607 2
1 139 2
1 1096 8
2 1616
1 258 5
1 1085 6
1 477 5
2 1829
2 1174
1 575 4
1 769 3
2 228
1 925 4
2 551
1 1756 5
2 19
1 298 4
2 2013
1 2262 2
2 1235
2 1038
2 1280
1 1453 1
1 882 1
2 550
2 2346
2 1396
1 2651 1
1 1791 2
1 1620 5
1 2190 10
1 2582 8
1 2106 5
2 1422
2 782
1 1885 3
1 1531 9
1 884 3
2 1844
1 1439 8
2 1326
2 2343
1 38 1
1 417 7
2 92
2 341
1 1254 5
1 936 7
1 506 2
1 1615 3
2 2072
1 2139 1
2 710
2 620
2 2245
2 2106
2 5
1 1726 3
2 58
2 498
2 775
1 1799 6
2 231
1 2046 5
2 2250
2 1020
1 172 5
1 1711 10
1 1266 10
2 1683
2 341
1 2190 3
2 971
2 194
2 184
1 2332 10
2 444
2 97
2 2108
1 605 1
2 618
1 1736 2
2 692
2 2578
2 2547
1 624 10
1 1560 2
1 1795 7
1 930 3
2 1625
1 1793 9
2 306
2 2437
1 1317 7
1 327 10
1 2220 8
2 35
1 2586 4
2 730
2 149
1 1317 6
1 554 6
1 1330 9
1 1986 8
2 1263
2 921
2 1846
2 368
1 1252 3
1 1405 5
2 2220
1 1426 9
2 2085
2 2232
2 352
1 1170 2
1 1000 4
1 990 4
1 2611 4
2 1074
2 559
1 432 2
2 1456
2 100
2 2015
1 278 4
1 1081 10
1 1479 10
1 1708 3
1 1168 6
2 678
1 672 1
1 399 2
1 1274 7
2 756
1 620 9
2 2540
1 1950 10
1 47 1
2 216
1 2235 8
2 1109
2 1598
2 379
2 2407
2 984
1 183 5
2 1665
2 2324
2 1645
2 395
1 1451 5
1 858 2
1 2528 4
1 870 9
2 2458
2 414
1 2326 7
1 2565 6
1 947 5
2 2070
1 2336 3
1 773 1
2 1949
1 2186 7
2 543
1 472 7
1 1218 7
1 1747 9
1 1686 7
