1901 1920
1 2
1 3
1 5
1 12
1 69
1 105
1 552
1 651
2 4
2 9
2 56
2 75
2 1052
3 6
3 7
3 11
3 13
3 16
3 108
3 1048
4 34
4 189
4 425
5 19
5 37
5 43
5 814
6 10
6 21
6 32
6 376
7 8
7 27
7 42
7 322
7 368
7 730
7 762
8 22
8 25
8 26
8 30
8 35
8 36
8 162
8 203
8 843
8 862
9 14
9 45
9 51
9 87
9 93
9 128
9 247
9 291
9 437
9 1327
10 15
10 118
10 169
10 576
10 687
10 1645
11 28
11 33
11 70
11 194
12 17
12 110
12 113
12 122
12 137
12 208
12 1430
13 142
13 743
13 1263
14 119
14 135
14 138
14 222
14 225
14 307
14 791
15 18
15 31
15 40
15 104
15 311
15 569
16 38
16 54
16 98
16 255
16 268
16 357
16 362
17 396
17 455
17 664
18 23
18 157
18 242
18 391
18 807
18 1420
19 20
19 24
19 52
20 67
20 514
20 1098
20 1299
20 1564
21 29
21 182
21 260
21 512
22 39
22 209
22 237
22 1292
23 55
23 1127
24 44
24 49
24 74
24 82
24 124
24 226
25 271
25 419
25 700
25 720
25 903
26 65
26 71
26 232
26 252
26 285
26 1441
27 79
28 559
28 1504
29 564
30 90
30 102
30 1302
31 62
31 72
31 170
31 755
31 798
32 168
32 258
32 261
32 1293
33 188
33 200
33 347
33 418
33 1158
34 48
34 60
34 475
34 587
34 961
35 145
35 265
35 277
35 839
36 41
36 115
36 155
36 300
37 111
37 159
37 272
37 967
37 1350
38 94
38 147
38 190
38 443
38 1235
38 1559
39 68
39 179
39 304
39 857
39 881
39 1054
40 46
40 47
40 640
40 713
41 114
41 160
41 161
41 337
41 387
41 718
41 826
42 85
42 112
42 201
42 421
42 562
43 101
43 185
43 236
44 301
45 92
45 1491
46 89
46 175
46 309
46 1797
47 50
47 165
47 403
48 59
48 393
48 991
48 1039
49 130
49 158
49 166
50 58
50 78
50 263
50 517
50 1166
50 1208
51 103
51 697
52 53
52 61
52 197
52 371
52 606
52 668
53 57
53 1365
54 63
54 66
54 88
54 148
54 235
54 558
54 1499
54 1758
55 246
55 1253
56 125
56 973
57 121
57 139
57 218
57 278
57 292
57 316
57 648
57 1252
57 1720
58 906
58 1243
58 1731
59 64
59 233
59 431
60 266
60 1517
61 84
61 297
61 608
62 1096
63 187
63 191
64 76
64 358
64 1359
65 256
65 811
65 835
65 935
65 1118
66 86
66 134
66 348
66 490
67 196
67 383
67 613
67 864
67 929
67 1890
68 126
68 149
68 585
69 99
69 210
69 227
70 80
70 1854
71 73
71 77
71 409
71 1880
72 151
72 154
72 534
73 95
73 140
73 999
74 127
75 96
75 180
75 344
75 604
75 789
75 1874
76 415
76 726
76 763
76 1137
78 215
79 81
79 83
79 116
79 143
79 411
79 495
79 1188
79 1560
79 1738
80 106
80 120
81 171
81 405
81 464
81 472
81 625
81 1078
81 1316
82 365
82 884
82 1354
82 1644
83 216
83 679
83 1111
83 1148
83 1883
84 91
84 97
84 100
84 132
85 123
85 211
85 352
85 644
85 845
85 1024
86 690
86 802
86 805
86 1006
86 1059
87 199
87 293
87 318
87 336
87 1576
89 735
89 808
89 810
89 1344
90 174
91 129
92 323
92 1709
93 462
93 951
93 1729
94 107
94 612
94 1691
95 823
95 828
95 1405
96 109
96 136
96 257
96 878
96 893
96 1041
97 968
98 156
98 186
98 717
99 173
99 506
100 230
100 248
100 273
100 993
101 146
101 1025
102 131
102 238
102 492
102 1145
103 489
103 643
103 1153
104 117
105 1071
106 542
107 330
107 366
108 262
109 276
109 638
109 654
109 1174
109 1470
109 1782
111 259
111 511
112 152
112 827
113 144
113 163
113 1125
114 181
114 267
115 141
115 224
115 319
115 458
115 680
116 570
116 1053
116 1734
117 397
117 850
118 133
118 150
118 153
118 416
118 1456
119 214
119 787
120 480
120 1373
121 1063
121 1370
123 299
123 394
123 820
123 1575
124 370
124 1335
125 1876
126 682
127 241
127 738
127 915
128 1080
129 375
130 535
131 737
131 1363
132 1232
133 204
133 359
133 1091
134 212
134 314
134 1445
135 167
135 407
135 441
135 994
136 234
136 469
137 824
138 861
140 213
140 461
140 1730
141 339
141 1775
142 205
142 240
142 244
144 270
144 363
144 481
144 1213
144 1361
145 428
145 898
146 1072
147 219
147 305
147 598
147 963
148 377
148 917
149 245
150 342
150 797
151 911
151 1124
151 1561
151 1659
152 284
153 228
153 515
153 628
153 1780
154 444
154 500
154 560
154 696
154 784
154 1467
156 386
157 367
157 803
157 1225
158 1530
159 164
159 176
159 184
159 484
159 582
159 956
160 183
160 588
162 1190
162 1811
163 859
164 888
164 1297
164 1604
165 178
165 198
165 1641
167 448
167 988
167 1283
168 202
168 390
168 1511
169 177
169 852
171 172
171 521
172 249
172 1701
173 353
173 450
174 806
174 1250
174 1291
175 207
177 269
177 1378
177 1830
178 308
179 192
179 195
179 217
179 302
180 321
180 324
180 1001
181 382
181 399
181 414
182 456
182 766
182 777
182 979
183 223
183 463
183 642
184 193
184 467
184 1750
185 287
185 478
185 1768
186 253
186 733
187 354
187 423
187 1369
187 1639
188 652
189 782
189 886
189 1022
189 1186
190 1032
190 1761
191 460
191 1389
191 1592
192 378
192 479
193 254
195 470
195 539
195 1007
196 573
197 364
197 1155
197 1714
198 220
198 491
198 675
200 206
201 372
201 635
201 723
201 815
202 280
203 229
203 274
203 389
203 400
203 435
203 715
203 1016
203 1458
204 338
204 473
204 592
204 634
204 1855
205 221
205 699
205 1266
206 243
206 333
206 468
206 804
207 670
208 445
208 549
209 327
209 547
209 1542
210 350
210 597
210 1162
211 432
211 742
212 910
212 1151
212 1520
214 630
214 1437
215 581
215 1414
216 303
216 1149
216 1771
217 740
217 851
217 1172
218 306
218 731
219 373
220 290
220 1212
220 1375
220 1850
221 279
221 660
221 849
221 952
223 239
224 295
224 899
225 749
225 1259
226 231
227 1110
228 264
228 361
228 374
228 446
228 958
228 1547
229 312
229 315
229 645
232 527
232 571
233 716
233 945
233 1114
234 429
236 251
236 708
236 1629
237 563
238 801
238 1341
238 1766
239 289
239 402
239 459
239 1207
239 1320
240 829
241 483
241 729
242 523
243 294
243 1763
244 283
244 685
244 832
244 1844
245 250
246 334
247 328
247 966
248 841
248 1489
249 275
249 497
249 657
249 1226
250 288
250 296
250 326
250 919
251 883
252 381
252 388
253 282
254 313
254 1308
255 904
256 496
256 854
257 286
257 351
257 840
259 1065
259 1873
260 1404
261 346
261 545
261 693
261 800
261 946
262 281
262 594
263 380
263 537
263 778
263 912
263 1670
264 673
266 341
266 1438
267 398
267 623
267 793
267 1484
268 392
268 658
268 866
269 555
269 1893
270 531
271 540
272 317
272 1037
273 298
274 325
274 980
275 320
275 522
275 692
275 897
276 310
276 1103
277 1514
277 1726
279 1097
280 466
280 978
281 554
281 1307
281 1518
281 1617
281 1681
284 636
284 821
285 335
285 1823
286 433
286 525
286 557
286 901
287 589
288 329
288 417
289 449
290 422
290 975
290 1146
291 385
291 404
292 568
292 1524
292 1552
293 369
293 509
293 546
293 579
293 838
293 1334
294 427
295 1193
295 1386
297 331
297 356
297 1279
298 855
299 615
299 1779
300 442
300 1164
301 656
301 1711
302 757
302 858
303 504
303 524
303 629
303 1138
303 1169
303 1336
304 684
305 510
306 530
308 482
308 596
308 618
308 1633
309 499
309 526
309 583
309 1436
310 574
310 619
310 1885
312 758
312 1004
312 1287
313 674
313 950
313 1548
314 551
314 1147
315 739
315 983
316 633
316 727
317 384
317 681
317 982
317 1012
317 1115
318 438
318 734
318 1261
319 477
319 621
319 647
320 575
320 1067
320 1076
321 1238
321 1786
322 707
322 1093
323 343
324 890
324 892
324 1805
326 406
326 453
326 655
326 880
326 1023
327 1434
327 1462
328 332
329 764
330 345
331 340
331 819
331 1270
333 767
333 812
333 1015
333 1509
333 1894
334 355
334 694
336 508
336 1165
337 520
337 1395
337 1754
338 349
338 586
339 1085
340 1749
342 1571
343 930
344 938
345 704
346 1227
347 488
347 1009
348 360
349 474
350 401
350 661
350 1161
351 1205
353 1452
354 686
354 943
354 1139
354 1230
354 1717
355 420
355 485
355 493
355 712
355 760
356 753
357 532
357 665
357 887
358 457
358 751
358 1222
360 413
360 553
361 408
361 781
362 518
362 1417
363 410
363 486
364 379
364 536
364 769
365 1135
365 1351
365 1615
366 1271
367 1217
368 813
368 1014
368 1624
369 494
369 759
369 1605
369 1718
370 1318
372 1030
374 756
375 436
375 1084
375 1460
376 412
376 722
377 424
378 395
378 605
378 747
378 1069
379 649
379 1852
380 465
380 1034
380 1218
382 505
382 816
382 822
382 1732
383 736
383 900
384 440
384 637
385 933
385 1762
386 602
386 776
386 1173
386 1257
387 528
388 719
388 1678
389 627
390 1355
391 761
392 728
392 972
392 1628
393 548
393 622
393 650
393 1397
394 689
395 550
395 1829
397 538
398 895
398 1557
400 454
400 507
400 785
401 853
403 434
403 876
403 1008
403 1280
403 1773
405 992
405 1807
406 451
406 1176
406 1431
407 981
407 1859
409 768
410 567
410 1525
411 1403
411 1412
413 452
413 774
414 593
416 430
419 702
419 711
420 724
421 439
421 659
422 710
422 1090
422 1133
423 426
423 809
423 1727
425 610
425 1181
426 519
426 580
426 1020
427 936
427 1136
427 1421
428 818
428 1203
428 1724
428 1882
429 1643
430 1057
430 1282
431 447
431 1383
431 1465
434 746
435 543
435 601
435 1095
435 1765
436 476
436 503
436 556
436 882
436 997
436 1399
437 779
439 617
439 667
441 631
441 1130
442 721
445 590
445 1790
446 1005
446 1582
448 1028
449 1323
450 471
450 1237
452 1567
453 624
454 1224
454 1562
455 1618
456 487
456 1490
458 683
459 976
461 971
462 868
462 877
463 502
463 607
463 1447
464 1112
464 1159
464 1776
465 572
466 902
466 918
466 1035
467 561
468 663
469 626
469 1154
469 1522
469 1565
469 1878
471 544
471 701
471 1290
471 1634
471 1757
473 1453
473 1806
475 1089
478 706
478 1435
479 501
479 516
479 533
480 1178
480 1555
481 1240
482 1081
482 1101
483 603
483 632
483 842
485 672
487 948
488 513
488 703
488 1002
490 541
490 1424
491 860
491 1182
492 1281
492 1479
493 896
494 924
494 1861
495 1003
497 498
498 529
498 1535
498 1551
500 783
504 1506
506 653
507 1442
507 1527
507 1834
509 1791
510 869
510 1289
511 1310
512 609
512 847
512 1477
513 565
513 600
514 1444
515 1195
515 1429
518 1215
520 856
520 953
523 916
523 1358
524 614
524 641
526 985
526 1013
528 1027
531 1471
534 920
534 1284
535 957
535 1702
538 584
538 1241
539 1851
541 870
541 1163
542 595
543 1413
544 1068
544 1740
545 1116
546 1070
546 1663
547 796
548 639
548 848
548 1710
549 732
550 1046
550 1183
552 566
552 591
552 616
552 1152
553 695
554 577
554 1102
555 771
555 1769
557 922
560 1673
561 772
563 1168
563 1715
564 1541
565 666
565 1062
566 794
566 836
566 1119
567 1364
569 996
570 1783
571 678
571 908
572 578
572 1239
574 1700
576 611
576 1826
577 646
578 871
578 984
578 1521
579 846
579 1047
581 937
581 955
582 1029
585 1485
586 775
587 989
587 1202
588 725
588 863
588 1500
589 765
590 676
591 599
591 1572
592 970
595 691
595 1036
595 1221
596 790
596 1568
596 1600
597 714
597 1184
598 931
599 662
602 1300
602 1802
603 1328
605 741
605 942
606 867
606 1543
607 939
607 1324
608 688
609 889
609 1117
610 1481
611 1419
611 1837
612 620
612 1586
613 977
613 1498
613 1847
614 1043
615 1113
615 1407
615 1839
617 1140
620 914
622 1083
622 1896
623 879
623 1092
623 1433
624 1406
625 786
626 698
627 788
627 830
627 891
627 1871
628 669
628 1625
632 780
633 1175
633 1372
633 1784
637 1260
638 671
640 831
640 1107
641 1303
642 1488
643 1589
644 1630
645 1418
646 1010
647 1156
648 705
649 954
649 1755
650 990
650 1672
651 1094
652 1798
652 1846
656 709
658 1895
659 677
659 754
659 1411
661 1315
662 1662
665 921
665 1384
665 1746
667 1311
671 752
672 874
673 1206
673 1347
675 1796
677 1087
677 1654
678 795
679 928
679 1288
681 1246
683 1721
685 907
686 1044
687 1189
688 1045
689 1018
692 1494
693 1214
694 1747
696 1245
698 834
700 1599
702 744
702 1608
702 1866
703 773
703 1349
704 825
705 872
705 1026
705 1545
706 1086
707 792
707 927
707 1233
708 1574
709 799
709 1275
710 724
710 1019
710 1601
710 1664
711 770
713 833
714 1613
716 748
716 1623
717 1682
717 1688
717 1824
719 1595
720 909
720 1332
722 1333
722 1661
724 750
724 1200
724 1262
725 745
726 1197
728 941
728 1313
729 837
732 1209
733 1621
738 1150
739 817
740 925
741 1258
741 1396
742 1142
744 1668
747 965
747 1312
747 1426
748 926
751 1301
752 1478
755 1631
761 1425
761 1428
762 1314
762 1722
763 1590
763 1827
764 873
765 1042
768 1340
768 1440
768 1591
769 1585
771 1464
772 1229
772 1752
773 1493
777 1897
779 1612
783 894
783 1507
785 940
786 1079
787 974
793 1603
795 1251
795 1305
796 885
797 1199
797 1741
798 844
798 1803
799 1017
800 1171
800 1566
802 923
803 1735
805 1526
807 865
810 932
812 875
815 1075
818 1122
819 1167
819 1393
819 1486
821 1050
821 1446
826 1242
828 1038
829 1306
830 1822
836 1415
836 1596
837 1443
838 1473
842 987
845 1422
846 1502
847 1198
849 1451
849 1474
849 1563
850 1569
852 1338
853 986
858 1231
858 1868
861 1594
862 1126
862 1483
864 1674
868 1265
869 964
870 1505
871 1466
871 1864
872 1385
875 1276
875 1653
877 1774
878 1296
878 1607
879 905
879 1482
880 1060
881 1581
882 1123
882 1368
882 1619
884 1061
884 1220
885 913
885 969
885 1055
885 1074
888 1544
890 998
897 1573
898 962
898 1853
900 1157
902 947
903 1813
904 960
904 1000
904 1870
908 995
910 1537
914 1304
915 1134
918 1513
918 1804
919 1529
919 1753
920 949
921 1343
922 1031
924 934
924 1247
925 1064
925 1463
926 944
926 1082
926 1705
927 1011
929 1128
930 1211
930 1508
930 1888
931 1216
931 1392
933 1268
935 1410
935 1694
936 1170
937 1129
939 959
942 1144
942 1356
943 1487
944 1040
945 1382
949 1495
949 1635
952 1269
955 1416
955 1503
956 1742
956 1860
958 1367
959 1255
959 1821
960 1077
960 1362
961 1223
961 1658
964 1033
964 1049
967 1254
967 1637
971 1160
973 1409
977 1792
978 1109
979 1767
986 1558
989 1461
991 1772
995 1326
997 1317
1001 1056
1002 1457
1003 1073
1004 1051
1005 1719
1006 1100
1008 1141
1008 1394
1014 1021
1014 1106
1014 1273
1015 1185
1017 1249
1017 1712
1018 1540
1019 750
1019 871
1019 873
1019 874
1019 984
1019 1200
1019 1262
1019 1406
1019 1423
1019 1475
1019 1512
1019 1521
1019 1553
1019 1601
1019 1664
1019 1687
1019 1736
1020 1272
1020 1539
1021 1371
1023 1099
1024 1886
1026 1132
1027 1180
1028 1066
1028 1120
1028 1877
1029 1201
1033 1785
1034 1108
1035 1105
1036 1579
1036 1707
1044 1177
1044 1360
1045 1550
1046 1342
1047 1234
1047 1298
1047 1472
1048 1058
1048 1468
1049 1244
1049 1666
1050 1121
1050 1675
1053 1685
1057 1427
1058 1319
1062 1697
1063 1248
1063 1455
1064 1400
1065 1660
1068 1800
1069 1728
1071 1179
1071 1277
1071 1739
1074 1703
1075 1104
1076 1088
1078 1402
1087 1194
1089 1196
1093 1652
1096 1219
1097 1353
1097 1510
1100 1294
1104 1321
1104 1671
1105 1439
1107 1256
1109 1228
1111 1192
1112 1684
1113 1840
1114 1267
1114 1651
1118 1680
1121 1549
1126 1390
1128 1309
1128 1845
1129 1475
1130 1131
1137 1401
1140 1584
1141 1143
1143 1570
1149 1330
1153 1204
1161 1532
1161 1841
1162 1856
1164 1285
1166 1236
1167 1191
1168 1388
1173 1825
1176 1736
1178 1683
1180 1187
1180 1346
1180 1348
1181 1554
1182 1339
1182 1647
1183 1264
1186 1377
1187 1286
1193 1593
1193 1616
1198 1210
1200 1760
1202 1667
1202 1789
1203 1337
1204 1817
1208 1636
1208 1764
1212 1858
1215 1278
1215 1649
1219 1450
1220 1695
1223 1646
1227 1857
1233 1295
1233 1706
1237 1331
1245 1836
1247 1812
1252 1454
1252 1480
1252 1546
1253 1898
1257 1357
1257 1380
1257 1533
1257 1690
1261 1656
1268 1274
1269 1476
1270 1778
1274 1743
1276 1597
1276 1756
1280 1345
1280 1448
1282 1577
1283 1692
1283 1693
1284 1534
1292 1496
1292 1708
1294 1322
1295 1391
1297 1492
1299 1325
1299 1713
1301 1698
1302 1329
1302 1379
1305 1381
1312 1366
1316 1408
1319 1626
1322 1781
1326 1611
1329 1528
1336 1352
1337 1799
1342 1512
1342 1553
1344 1469
1345 1449
1345 1501
1346 1833
1347 1838
1349 1398
1350 1650
1355 1387
1361 1810
1363 1677
1364 1820
1366 1689
1366 1887
1370 1459
1372 1374
1374 1815
1375 1376
1377 1523
1377 1770
1379 1759
1382 1842
1385 1536
1389 1432
1391 1657
1397 1606
1397 1881
1407 1676
1408 1900
1409 1497
1412 1862
1423 1466
1423 1538
1423 1760
1423 1864
1424 1556
1426 1583
1428 1679
1432 1889
1436 1809
1444 1744
1446 1884
1452 1531
1452 1578
1452 1622
1461 1610
1462 1892
1465 1587
1473 1614
1473 1642
1473 1648
1476 1602
1485 1516
1486 1686
1493 1598
1503 1687
1504 1515
1506 1609
1507 1519
1509 1828
1523 1627
1524 1725
1536 1632
1536 1801
1537 1788
1542 1640
1548 1699
1548 1879
1550 1808
1555 1638
1557 1777
1561 1748
1566 1733
1566 1818
1566 1843
1572 1580
1574 1588
1582 1620
1585 1795
1590 1655
1612 1835
1612 1865
1614 1787
1625 1723
1626 1665
1627 1872
1631 1831
1631 1849
1634 1891
1639 1716
1647 1848
1651 1704
1654 1669
1660 1751
1666 1696
1706 1737
1710 1899
1715 1745
1719 1863
1728 1832
1734 1819
1746 1814
1762 1793
1766 1867
1784 1869
1789 1794
1803 1816
1814 1875
1901 1538
