100
480189929458187438
840278065631291987
514879685303871295
986622086869534491
358165140049443436
361979368038491517
338318380274776108
497241682738096896
507807092374809404
191015175327387137
236486911704544699
857469672028193910
429245123512151466
477785695950360413
186957343183518959
872012205471354021
137197115122288375
909163862770300498
811274366213139432
351828258698906402
659409017126517379
838498881273122664
151442098641561788
549328066587789049
700161585693065150
578621693136619765
625543065504297720
800020603507233929
297719846160871389
966900348235569684
438296118311283983
320873755673932943
642716190137755356
736777494388676425
728458614485601024
585474855394416791
465591697719440472
552926899636547722
859322893407374135
773507015870951189
946825218034078224
924015602634573966
861834342338645394
446660442909484022
887475143800638437
223220339806930854
299036771246141721
372056224188263285
318086030241896270
136683935536715846
472764601760431964
434808330772958729
219634931085140657
678087741276242147
650341965283663954
255940561283297238
728741741594202176
920306811653943680
292476146052419979
278495805255604918
269024161850786407
307674451311431725
315384589935434472
606724474496604588
955594710831918371
914425925494580181
738566280901145070
808547500870038968
968238399894694402
703775944429671597
373993107050083495
739069497873640756
810977184853529142
133244126076981945
819810320825395025
510238070161830351
712878579685282740
182659175052372737
641988263008623600
913878412171491605
222419491284446711
897957625363313435
469150242250371598
768611198683885032
360005289691677088
259284801540215262
196340190592119718
840056099149230414
695205367714080593
944912265719937160
918754019823859444
349123180009190193
818809250574483200
347044994746070682
576779620830036418
362796026082348772
302895179492207574
214807286660070094
282377342128330996
208362046138060220
