945272914 942625539
609127571 177853816
494049563 246838367
425216340 572667866
740907868 501336985
554579547 545286470
369130210 933109201
246938971 650551871
28361891 687756812
121869194 697877936
424045699 832214847
421416490 79663285
521195840 8647113
549581534 425465716
915154944 111253106
582079947 112849995
668979493 791541636
36428177 921049756
640816013 524500196
309351117 727232329
675247487 432814388
599899964 937387807
513405152 900060389
338503874 684947273
570622143 269647507
84762983 808382315
230764489 476542738
362669886 953750041
451756595 144066699
839875771 482624386
929469826 774991012
5096 349306102
406688414 995038521
895412021 326603657
113775729 651961508
265896554 352052444
485219060 440733973
386875593 37640179
922557834 681957541
79622070 977195212
939005250 985614734
905441591 525892295
415101707 221812743
835862015 798729915
279327391 473429020
739388799 433973859
608634464 450671417
185991951 762856301
330443700 293295908
622227406 191868630
567533563 909779648
166734257 348759769
999828948 579231870
192525074 508183554
767187634 410206009
71984009 943840603
911956124 454291896
368990026 249166913
819556285 819018424
778388295 820016780
569419691 599137891
628661166 39061424
136591711 818475086
326447470 173791089
508125740 356207025
651979941 401692904
876429149 166560965
330202608 127002863
695602739 523823961
717821541 475256733
26458784 363981377
979770462 35730505
343657917 583112080
181604741 349495728
581198402 722143116
500394248 173515129
220611704 387805641
467956743 164898907
223523423 494273335
991318691 217977075
548130913 960481213
696006217 844018058
128726862 601763090
811178063 439905016
416101709 196158617
489545489 235620383
384177401 397978387
707038163 479470758
733580683 979766215
878771922 351770911
596378830 837045375
558726595 742206363
676775957 283427753
810614828 95744038
342337622 160245493
7133477 842161178
124004288 663094345
265950478 718974076
103727928 857983211
622040356 373286423
