6
11 23 7
5 1
2 1
3 4
8 7
6 1
2 5
8 6
8 2
7 5
1 4
9 5
11 1
3 4
1 9
9 1
7 5
9 1
8 3
9 2
1 3
5 5
3 2
1 10
1 2 2 2 2 2 3 3 2 2 2
10 23 7
3 5
8 9
1 7
7 4
9 1
3 1
2 8
6 2
5 7
3 7
4 3
7 4
4 8
1 1
6 8
6 4
5 1
6 9
6 6
8 7
2 4
10 10
10 6
6 0 5 6 6 0 6 0 0 1
8 12 5
2 5
2 2
3 2
2 3
4 8
6 3
5 1
7 8
4 5
5 5
7 1
7 1
3 0 1 4 4 2 2 3
7 15 51161405
5 5
4 4
7 5
6 5
5 7
7 6
2 6
7 2
7 7
4 7
3 6
4 3
5 7
1 1
1 5
2377426 20476233 23958815 46065468 24990333 36244555 21239957
1000 2721 6
871 360
555 826
763 413
302 351
201 604
904 544
33 682
439 16
899 510
303 772
667 487
819 940
791 825
397 473
870 477
911 917
326 643
850 975
332 786
979 707
764 640
827 614
639 897
393 479
395 193
112 787
178 188
462 498
441 464
792 300
302 758
151 24
663 703
137 388
758 240
264 563
204 419
507 627
173 798
295 653
691 46
548 48
211 329
699 478
918 451
973 577
73 751
721 399
660 398
212 432
982 903
64 498
720 563
518 19
995 411
117 428
452 242
607 918
839 85
393 146
364 449
273 756
209 152
340 619
812 186
661 244
938 39
183 438
427 174
369 417
54 6
220 988
626 685
193 169
995 76
280 902
723 344
16 154
648 763
312 216
101 797
789 14
813 776
491 516
994 824
854 49
799 290
466 686
714 741
809 204
236 81
854 683
460 576
637 254
290 893
666 177
316 579
416 388
33 106
820 517
624 609
872 703
328 690
617 981
247 662
4 433
153 723
769 951
994 144
315 171
192 544
712 988
307 754
673 226
669 557
733 829
908 734
145 774
598 255
548 664
6 651
386 465
508 432
837 465
275 144
662 278
865 172
806 492
969 124
761 10
279 900
731 115
402 399
473 642
987 975
908 847
489 304
757 397
451 299
608 203
340 124
80 540
541 208
803 826
292 62
740 18
853 940
404 571
356 78
89 691
700 888
535 485
395 799
265 19
612 530
751 720
989 624
224 141
915 7
402 912
457 972
301 910
318 215
127 746
583 943
798 425
421 122
872 408
712 234
538 299
231 132
373 674
720 496
203 675
182 703
697 934
1000 80
523 455
228 732
409 530
278 703
70 988
22 633
236 916
956 36
279 143
417 119
51 162
85 806
691 940
445 602
816 400
147 16
371 32
183 977
157 157
195 866
396 267
706 593
553 16
782 619
583 940
165 694
748 615
536 331
570 17
390 240
149 410
431 713
332 198
688 997
286 63
415 912
535 140
61 76
298 426
4 182
647 337
364 88
621 143
519 962
727 683
877 33
282 612
304 149
231 745
413 208
233 281
881 739
590 357
468 176
740 144
19 978
92 689
68 271
512 614
743 475
402 64
538 447
467 502
523 409
383 440
670 222
274 880
402 471
633 603
492 136
977 491
11 278
292 258
965 771
713 427
647 389
342 738
823 553
546 541
180 234
707 583
619 743
125 235
600 927
68 722
73 443
412 156
43 777
123 834
656 102
732 816
49 598
77 842
86 313
185 621
449 631
662 185
281 131
301 372
177 12
329 358
580 1
660 51
42 86
417 938
819 229
471 943
505 549
596 78
970 120
141 876
349 844
660 158
789 668
147 815
686 639
970 87
235 924
847 572
895 509
842 825
468 793
416 965
1 850
940 524
867 749
518 753
927 596
281 303
69 485
383 991
926 165
604 976
336 203
481 137
621 5
474 865
95 784
635 886
712 182
275 993
519 18
743 462
348 862
137 974
271 92
874 267
823 800
543 460
535 605
961 572
311 75
469 225
431 626
249 706
584 350
380 240
396 205
676 984
393 456
276 685
407 198
245 896
305 884
367 731
661 43
833 35
247 394
250 593
999 813
707 530
193 275
419 346
43 803
870 405
809 843
247 1000
888 472
811 964
857 954
434 311
343 281
469 422
567 66
751 38
833 836
277 546
703 854
559 179
966 604
707 730
342 685
514 341
747 706
481 79
488 566
778 175
387 752
606 885
733 118
789 206
643 992
333 270
96 781
454 692
681 185
871 273
230 168
704 815
139 231
928 532
632 233
605 392
629 748
21 129
23 962
695 522
527 359
334 901
629 135
616 822
878 568
573 362
830 938
781 632
538 833
153 495
852 217
552 95
277 781
659 102
660 94
771 16
43 261
991 830
656 469
935 678
515 770
471 822
34 106
411 497
818 800
752 562
892 102
982 177
73 597
662 669
307 379
135 303
334 47
167 507
542 551
209 634
314 167
87 151
303 371
956 401
358 496
864 259
498 5
317 918
124 933
325 884
768 424
354 512
247 791
727 339
149 118
693 992
320 585
812 495
591 343
773 100
243 738
16 348
916 308
622 33
413 999
499 654
917 264
89 172
461 12
974 193
809 216
32 676
64 184
763 634
309 672
920 756
556 640
120 344
234 917
263 79
370 458
183 627
885 698
92 243
432 781
192 766
935 779
623 191
357 472
839 244
865 52
647 42
493 860
32 208
969 397
504 47
254 540
314 33
88 320
784 981
791 482
146 441
126 595
477 406
623 871
445 666
145 174
859 95
999 43
708 173
79 948
356 989
757 352
35 675
616 300
880 866
207 911
172 929
430 395
813 206
220 294
88 851
934 345
327 165
932 113
501 110
857 113
927 615
497 778
15 617
142 560
855 81
994 635
220 555
553 195
603 729
156 178
7 484
190 407
469 273
182 330
539 625
926 348
724 743
318 249
681 999
786 822
820 861
267 999
39 524
329 184
986 493
531 858
527 353
813 558
101 703
770 95
849 808
378 77
742 567
686 267
635 711
705 835
47 283
404 461
470 704
684 419
601 899
947 667
749 317
657 248
69 147
371 316
88 1000
260 656
433 586
796 401
323 591
811 724
349 593
978 178
830 205
768 429
764 501
148 443
923 82
260 987
587 37
245 508
397 56
850 152
978 442
977 160
279 772
314 577
689 34
736 164
574 357
253 391
809 979
374 37
221 879
849 37
702 505
298 369
3 133
847 280
228 585
408 653
984 81
123 205
485 1
224 78
886 599
936 257
865 902
912 145
510 75
629 100
594 683
597 949
346 866
558 37
414 603
171 183
762 901
899 708
848 402
660 661
167 153
405 439
526 124
719 566
957 35
39 828
334 668
737 851
8 172
897 703
80 424
961 509
438 826
552 368
70 427
739 24
606 923
10 942
402 707
691 530
301 159
641 857
379 848
346 782
780 504
33 420
418 115
540 72
123 899
170 751
407 907
644 741
700 420
294 467
449 382
889 684
389 810
208 32
959 825
337 661
696 163
430 897
491 58
826 306
117 493
452 665
16 244
736 728
786 996
812 790
544 309
1000 795
296 614
272 816
262 54
635 233
434 176
990 927
951 103
743 860
110 923
431 594
238 920
595 595
587 789
628 594
195 360
525 604
643 990
535 506
106 459
192 273
924 640
721 806
778 188
904 583
180 678
244 627
254 397
338 602
991 723
575 24
835 666
640 24
822 400
473 581
302 909
587 837
113 519
170 361
28 214
127 409
144 828
30 700
245 688
862 665
249 939
650 533
855 659
640 224
275 854
955 237
104 477
722 410
561 823
299 392
654 946
613 148
431 496
194 578
40 745
752 855
743 657
327 585
408 728
850 976
408 422
453 602
44 797
563 551
954 15
513 484
334 663
301 935
954 241
738 294
173 103
607 5
816 57
984 206
615 875
160 743
34 541
139 146
806 540
573 107
540 685
415 540
255 470
639 610
787 798
570 665
633 83
60 94
365 660
432 741
101 566
231 374
742 536
733 959
440 68
233 392
176 315
102 496
362 526
107 647
565 827
361 263
471 493
93 571
514 571
848 466
676 659
811 379
179 86
212 924
321 295
630 591
227 114
511 828
331 595
791 306
875 572
25 547
653 91
490 638
926 558
340 821
764 243
528 163
543 978
976 898
987 842
412 968
817 727
1000 146
112 118
917 886
480 845
522 699
711 687
126 228
656 349
705 709
965 637
882 522
720 645
114 514
618 672
695 11
312 10
27 189
432 374
72 675
623 835
547 624
563 533
269 324
688 383
614 495
968 81
517 872
35 404
483 983
687 96
109 290
589 390
201 332
460 612
10 828
248 526
104 830
743 291
913 637
144 652
182 596
585 944
165 440
663 935
939 511
771 73
481 130
1000 888
91 171
143 329
360 888
821 6
915 2
11 765
10 543
832 23
544 180
791 722
239 242
432 166
373 962
903 728
750 726
177 221
320 718
564 17
83 441
168 923
128 866
804 350
646 797
228 198
159 646
828 878
547 294
391 221
988 77
953 269
952 661
469 580
794 356
91 136
562 637
49 251
756 5
818 172
373 461
362 661
688 75
514 645
497 496
221 732
733 862
239 896
211 198
138 831
724 764
107 349
264 798
219 688
294 382
145 297
390 79
855 414
942 989
214 656
717 844
261 169
816 211
143 392
152 172
187 128
863 608
69 232
397 522
584 793
650 859
947 87
872 926
78 189
810 662
463 465
173 836
816 979
631 366
403 308
793 774
745 325
695 294
434 25
253 552
478 669
968 917
651 340
588 763
929 504
413 330
207 780
524 450
914 19
902 792
473 755
289 951
592 325
169 924
605 345
959 580
624 633
629 27
434 793
550 366
118 30
67 720
508 239
707 276
662 794
648 119
213 355
245 737
149 20
171 329
338 477
445 884
948 125
960 308
652 995
253 827
727 96
290 206
293 505
994 255
981 637
863 833
13 608
871 51
224 140
349 2
59 462
353 444
354 518
921 184
329 223
750 120
366 774
3 867
657 714
576 161
328 941
163 541
800 90
516 360
300 171
108 280
261 96
501 54
567 664
336 713
329 274
394 935
344 867
73 590
921 215
390 293
456 376
468 626
88 52
780 26
37 838
427 9
325 567
19 602
280 620
723 345
163 512
865 21
103 973
810 35
362 810
375 481
57 272
651 692
380 645
322 149
533 801
138 981
381 910
116 230
29 97
796 143
579 279
419 737
521 798
527 376
611 341
910 167
634 749
912 551
763 335
209 984
712 26
16 672
129 595
554 745
904 311
749 579
451 687
433 807
692 656
361 656
240 738
310 669
513 942
457 237
453 685
534 145
740 800
190 668
456 391
480 471
644 762
670 920
733 596
571 526
147 194
804 777
580 979
79 939
468 505
4 167
505 36
721 455
260 246
379 305
950 169
81 371
972 9
160 344
620 545
654 787
83 787
673 626
612 696
654 423
888 186
205 176
93 45
817 840
722 991
201 490
108 43
785 51
656 275
177 190
764 102
283 618
305 224
131 568
725 109
535 632
930 945
494 389
620 852
592 698
516 906
472 418
681 564
867 89
508 639
236 400
413 861
863 794
764 194
140 781
222 866
255 460
300 712
138 802
96 629
509 74
159 476
649 152
826 92
895 912
406 306
464 789
548 308
228 393
303 328
873 85
695 18
851 306
574 655
414 565
663 658
97 84
861 914
929 166
520 11
823 96
545 311
72 119
534 142
168 246
157 191
823 307
268 173
380 797
604 827
617 757
581 148
106 835
145 282
692 855
616 422
53 71
965 868
689 547
798 355
228 28
652 410
474 494
713 243
874 866
573 398
467 211
689 244
564 83
545 492
890 282
941 773
605 298
446 178
31 455
5 947
697 489
795 222
554 94
131 569
874 487
155 112
284 881
639 539
119 876
125 64
551 314
372 293
859 237
731 475
592 992
47 495
627 376
118 838
808 565
316 258
293 324
625 869
318 220
890 713
270 170
394 941
494 718
161 239
764 937
309 366
409 270
101 62
699 676
275 698
178 725
842 91
390 44
179 42
989 70
330 583
888 311
872 734
596 897
682 313
106 596
677 641
37 405
371 533
428 508
943 663
942 551
50 294
425 47
550 908
420 866
191 878
86 992
251 342
763 727
530 831
474 769
232 27
986 382
587 641
689 549
884 852
339 82
878 88
897 654
480 631
804 638
247 264
7 862
347 569
798 858
49 677
11 84
559 709
16 328
973 601
347 349
414 819
737 264
336 762
56 224
518 187
115 54
498 120
19 117
155 414
390 295
538 638
377 266
783 585
547 696
58 315
924 615
412 206
188 391
872 64
31 830
894 40
896 342
94 655
26 419
570 239
201 881
38 955
222 5
895 1
382 364
1000 419
407 996
409 708
914 743
793 203
28 145
631 192
680 813
489 670
801 395
642 300
50 954
888 894
787 389
777 317
7 779
656 348
321 753
574 675
585 229
564 757
311 842
609 465
797 151
710 381
343 873
732 606
588 61
909 949
170 723
855 988
150 228
119 252
273 373
424 688
960 54
876 817
456 31
682 578
648 313
705 280
777 428
434 18
918 650
625 341
687 371
358 921
477 152
961 817
727 10
142 277
224 269
462 43
87 123
764 607
628 598
70 32
871 38
719 899
964 277
603 460
732 936
545 958
288 167
753 133
395 800
644 233
140 191
400 908
443 767
950 473
381 522
31 165
858 883
758 159
780 330
606 1000
678 303
567 222
879 584
632 663
695 92
504 292
598 926
240 335
622 548
548 849
718 485
811 19
931 297
289 390
773 625
790 982
258 163
988 128
650 930
717 901
799 657
232 905
563 513
500 25
140 145
46 109
306 790
64 182
872 290
297 890
27 34
705 393
195 308
256 517
135 881
751 97
419 889
780 307
155 191
276 572
528 390
215 604
711 502
798 11
79 271
675 395
27 417
998 85
964 102
810 909
189 915
862 815
464 26
185 725
104 245
90 135
110 152
982 657
725 84
558 844
801 895
414 850
544 328
861 666
603 317
680 896
213 352
290 770
508 752
956 128
650 16
12 710
309 233
901 538
755 271
845 421
814 844
204 273
221 274
474 216
321 270
570 730
900 744
827 157
840 558
404 341
631 876
991 330
765 858
121 715
123 592
607 495
147 524
227 801
554 976
371 404
296 982
377 65
138 524
844 715
184 815
628 856
842 681
40 857
385 906
421 753
622 145
669 271
814 818
321 623
367 439
136 24
798 630
890 571
672 332
724 408
756 791
17 926
881 496
278 956
418 346
860 965
527 795
292 79
654 488
1000 817
237 325
737 904
950 878
909 281
820 888
526 469
175 357
635 356
604 309
720 962
607 807
870 328
72 820
444 420
880 757
293 471
425 501
658 694
628 231
455 467
182 384
875 282
975 635
122 845
91 714
820 462
928 183
804 678
503 283
871 719
96 261
305 836
418 905
71 503
826 520
962 825
818 574
254 395
444 237
816 703
429 83
94 355
66 564
534 566
716 763
701 536
811 419
79 81
258 822
895 941
204 210
831 517
970 398
914 633
127 291
604 721
415 795
408 498
576 804
38 487
329 566
920 425
672 687
583 139
302 33
655 350
996 621
271 482
316 165
542 339
974 229
959 645
266 120
308 590
522 17
256 599
519 935
743 236
854 516
780 376
712 474
420 279
387 940
610 295
217 360
216 75
15 569
211 55
736 827
367 702
170 782
880 91
102 967
615 521
456 849
375 357
163 749
649 795
407 172
819 246
779 207
323 159
805 715
315 898
7 376
725 540
885 510
559 964
481 680
345 390
832 531
835 144
495 871
672 885
17 189
171 25
205 927
372 724
999 705
589 408
646 811
64 955
550 111
429 658
944 148
196 592
340 719
806 51
745 90
680 667
180 836
594 496
477 711
198 601
662 703
697 235
618 14
76 98
738 949
205 731
833 611
90 889
316 740
116 50
449 955
555 885
558 425
71 896
76 28
840 17
230 890
951 960
602 137
814 307
513 960
754 830
199 226
298 220
569 395
86 765
278 390
669 226
105 69
837 101
973 908
925 809
488 603
689 722
273 810
365 332
143 269
715 548
150 797
497 499
495 166
830 85
892 356
674 715
444 416
842 9
386 498
700 893
444 305
903 109
797 791
997 112
874 558
228 475
39 657
966 329
533 841
171 204
669 787
954 285
931 535
475 780
575 383
808 169
979 565
626 677
291 990
126 112
608 503
27 238
556 773
903 53
18 660
108 527
733 292
747 53
743 830
275 12
686 541
500 180
468 481
98 603
960 385
612 20
144 377
339 814
448 93
140 734
100 903
369 985
721 46
743 296
768 729
160 231
915 428
367 472
273 336
433 970
978 74
402 493
71 254
321 984
375 789
165 987
575 104
354 716
93 531
627 152
342 122
230 109
740 228
254 677
74 612
131 995
35 886
416 993
268 675
489 609
795 793
404 362
886 589
962 887
501 619
526 106
590 564
698 981
17 372
290 896
931 634
758 799
245 132
427 34
733 960
62 98
449 809
842 38
300 197
105 325
184 534
822 923
300 572
191 826
678 507
527 10
640 399
161 271
274 888
426 885
102 479
283 507
527 972
341 201
569 101
217 578
363 662
584 95
416 688
527 697
707 911
284 609
767 630
342 730
938 924
940 537
536 923
815 520
634 167
589 510
536 796
321 40
299 756
650 415
856 51
550 476
107 848
637 958
748 250
54 124
502 269
679 133
981 208
27 409
211 784
527 247
252 396
289 239
719 695
157 940
131 151
749 978
569 953
607 858
1000 132
87 98
60 467
219 379
347 862
266 168
644 817
62 52
458 683
556 502
504 759
663 305
477 531
533 985
947 72
930 841
656 422
558 687
456 587
388 253
946 756
552 308
690 32
729 736
38 567
864 207
198 58
809 703
870 730
88 581
595 551
495 629
151 660
310 729
290 55
571 3
291 164
995 70
828 883
555 361
854 565
829 87
16 861
894 28
58 819
101 932
274 550
272 467
326 426
841 222
639 783
695 47
584 473
855 539
850 871
938 395
63 724
154 273
233 168
238 231
761 390
544 15
426 860
447 153
129 306
411 491
280 762
236 168
70 979
271 839
592 702
622 93
534 121
839 763
76 160
451 567
271 822
514 803
206 632
862 969
532 504
540 901
977 748
544 854
523 26
362 270
466 794
878 871
452 225
430 207
39 895
307 656
567 592
36 764
930 24
541 390
231 39
421 500
301 866
130 693
864 605
520 782
462 84
873 699
127 300
854 518
861 107
293 750
504 784
716 555
795 415
246 802
233 164
448 279
753 930
414 852
920 218
695 700
259 608
851 769
889 665
610 401
715 976
937 325
791 63
525 58
502 787
155 858
581 248
165 426
286 207
540 894
70 836
748 151
296 875
16 831
468 154
307 623
63 938
451 825
753 134
284 384
204 128
167 406
493 977
287 602
33 42
388 764
416 367
614 674
550 363
972 844
228 180
546 622
490 686
138 158
383 807
520 351
682 303
481 832
585 352
403 813
723 817
894 497
382 827
247 522
733 591
888 612
270 517
992 374
654 837
425 523
954 667
577 795
839 724
366 536
199 454
762 830
758 804
413 505
119 261
609 121
831 915
891 732
614 245
543 739
137 495
889 1000
815 777
959 463
616 53
986 340
587 612
473 265
423 68
87 456
496 968
158 375
256 84
742 986
868 580
940 519
344 706
204 589
202 35
114 261
86 57
490 27
281 420
978 991
319 987
58 512
266 779
437 794
256 956
323 636
724 743
976 684
40 737
330 792
715 645
653 395
114 690
867 582
785 963
929 282
752 899
415 296
604 767
369 595
156 924
662 822
230 789
457 272
36 118
216 682
815 134
725 944
57 935
656 56
740 405
693 15
538 430
599 217
684 208
193 78
447 731
824 495
190 346
909 79
524 414
799 457
428 920
119 565
21 616
612 51
559 163
894 271
252 649
629 270
5 615
195 559
463 837
343 978
29 979
668 622
428 863
914 793
524 640
921 372
864 657
497 359
889 89
316 216
553 907
296 676
591 104
147 704
919 765
516 596
907 827
258 615
856 557
168 721
483 922
391 722
152 971
734 677
129 176
877 859
559 256
634 771
982 212
584 754
356 688
846 593
756 651
263 941
425 242
850 420
785 47
498 195
530 736
178 672
100 970
807 822
743 831
139 954
24 981
394 161
469 411
525 589
201 134
589 382
242 681
920 222
901 120
282 298
246 949
761 744
338 788
155 1000
930 923
355 376
921 557
225 384
464 156
820 524
630 871
764 123
596 277
223 680
233 429
11 82
434 284
292 572
549 782
235 805
196 986
334 664
723 347
147 364
956 863
93 874
402 999
557 647
68 515
90 673
700 654
312 389
400 162
251 703
630 889
491 621
583 616
876 720
464 143
501 111
103 211
185 442
205 863
548 988
410 759
613 998
508 165
627 916
694 522
722 258
385 452
39 641
73 196
714 939
733 503
370 631
320 982
682 14
938 823
471 981
698 898
178 547
878 763
644 760
365 3
754 458
228 172
777 273
477 825
185 921
919 478
173 754
765 34
19 71
957 769
586 31
123 999
500 756
365 992
380 805
803 758
454 521
272 322
226 458
336 60
940 473
878 160
877 80
498 498
812 224
975 483
368 649
81 251
814 195
537 699
124 942
27 168
933 605
292 134
583 866
707 145
218 752
941 748
742 962
634 584
185 40
473 213
106 359
234 256
937 628
440 226
957 952
34 321
864 96
595 704
981 594
688 170
695 664
977 69
440 94
438 247
96 742
953 571
318 504
906 879
618 177
192 739
398 904
787 514
252 152
158 423
722 111
437 460
815 671
511 871
123 358
427 678
302 825
917 728
581 568
481 393
736 592
662 998
739 33
820 748
940 490
805 825
795 225
859 482
430 702
865 183
542 935
19 172
512 557
250 399
318 442
294 538
306 8
855 66
161 19
156 713
171 142
282 892
620 392
277 923
897 761
355 687
659 808
536 688
548 919
149 549
974 407
219 648
164 921
974 499
12 719
165 324
463 809
121 417
905 210
906 714
376 914
757 913
467 262
739 486
368 886
735 512
227 749
802 321
726 842
896 827
501 493
55 508
851 473
980 226
412 170
105 273
663 72
929 657
498 678
998 249
621 410
854 656
102 956
937 353
396 461
229 267
866 834
476 694
391 586
454 610
709 768
210 685
584 703
289 147
73 936
880 311
152 388
873 90
926 747
585 467
101 458
146 358
470 369
861 190
259 196
905 145
380 337
118 293
885 628
438 311
984 883
228 574
780 23
238 261
526 841
41 115
665 876
699 77
287 414
642 686
764 914
523 251
311 518
382 352
986 297
888 478
607 559
302 966
515 831
692 653
881 941
345 431
6 392
910 248
826 717
771 925
696 867
137 459
426 776
129 145
398 497
667 815
758 874
111 158
751 823
527 700
586 935
997 314
236 899
618 240
390 157
571 744
144 640
688 863
123 411
667 135
679 40
952 837
462 676
244 365
505 164
205 587
536 466
360 155
212 749
971 460
476 931
385 823
826 165
318 347
371 455
374 483
831 514
332 654
813 883
980 983
530 331
891 463
620 785
750 391
275 592
520 804
727 494
283 963
670 395
301 562
923 197
972 827
890 85
340 530
591 685
137 118
769 229
554 661
603 291
516 640
981 23
294 118
939 356
394 112
859 795
169 129
385 491
91 119
730 582
964 422
93 263
659 200
54 274
637 750
502 709
684 664
109 725
80 373
247 942
357 602
181 15
431 640
281 208
840 797
278 740
930 736
733 774
433 651
125 10
258 770
401 762
76 979
177 472
247 853
734 781
839 288
925 127
32 680
392 147
424 360
278 312
358 254
536 818
920 360
370 611
508 659
759 354
977 131
433 62
592 16
916 290
544 311
625 354
414 649
89 691
10 445
848 176
515 829
361 507
818 219
387 359
279 336
628 749
527 307
244 284
647 687
842 775
665 324
628 616
308 160
845 470
449 114
513 492
943 457
481 997
839 558
489 428
924 607
638 645
304 731
309 533
814 189
143 471
654 663
772 43
806 632
897 652
951 618
446 436
583 736
114 101
502 82
636 204
110 99
741 90
715 275
703 662
587 31
640 846
726 674
396 51
797 503
880 676
26 376
861 965
914 635
640 84
697 12
563 858
80 772
793 518
817 5
236 626
354 379
305 879
835 113
154 595
858 440
47 114
898 926
228 355
754 57
554 61
113 661
113 596
445 330
756 210
702 308
938 50
716 686
393 782
599 555
333 127
151 286
594 146
969 283
964 779
575 508
286 598
735 778
728 861
190 212
553 983
314 76
460 900
612 860
76 114
266 744
161 989
143 186
524 600
591 450
398 801
866 273
647 328
28 878
747 369
7 849
299 514
776 378
275 623
772 641
845 149
364 566
78 399
500 622
74 269
29 848
958 34
866 863
980 961
589 512
621 886
918 945
79 461
387 762
170 89
879 907
973 185
435 5
188 847
124 580
981 772
41 164
137 972
464 585
388 496
19 186
899 723
577 796
649 964
632 462
336 272
223 885
102 161
595 564
904 157
188 402
548 403
33 555
918 303
391 803
678 323
422 347
210 158
30 309
90 904
936 31
174 905
923 305
72 331
848 769
733 416
281 193
691 528
984 95
137 488
963 49
89 956
335 676
448 20
713 838
852 782
226 169
533 917
942 690
229 799
219 686
392 533
504 700
440 220
27 431
597 584
696 400
614 836
42 506
923 937
784 446
84 933
843 948
731 971
957 468
269 564
588 850
300 59
713 982
261 338
360 117
537 130
748 165
945 146
767 923
780 805
910 957
826 85
789 947
467 921
694 241
416 181
332 232
302 282
346 748
398 677
580 769
214 751
990 648
278 882
964 529
0 5 4 4 4 0 5 4 5 4 3 5 5 5 5 4 4 4 5 5 4 0 5 5 0 5 5 5 5 5 3 5 4 5 3 4 4 5 4 3 5 5 4 4 5 4 4 0 4 4 3 5 4 5 5 5 4 5 5 5 5 4 4 4 0 5 0 4 5 5 5 4 4 5 5 5 4 4 3 4 4 4 4 4 1 5 5 4 4 3 4 3 4 5 4 5 5 5 5 0 3 4 4 3 4 5 5 4 4 4 4 4 5 4 5 4 5 5 5 4 5 5 4 4 5 5 5 4 4 5 5 4 5 5 4 4 5 5 5 4 0 5 4 4 4 4 5 2 5 5 5 5 5 4 4 4 4 5 5 4 4 4 4 4 3 5 4 4 4 5 5 5 4 5 1 4 5 4 0 5 0 3 4 4 2 5 5 5 5 0 3 4 5 5 5 5 4 5 4 0 5 4 5 4 3 4 5 5 5 5 4 5 5 5 3 4 5 0 5 3 5 5 5 5 5 3 5 4 5 3 5 5 4 5 5 4 0 0 5 4 5 4 4 3 4 5 2 4 1 4 3 5 5 4 5 4 5 3 5 5 5 5 4 3 5 5 5 5 5 4 3 4 3 4 4 5 4 2 5 4 4 3 5 4 0 5 0 3 4 4 4 4 4 4 4 4 3 4 5 4 5 4 5 5 4 3 4 5 5 3 4 3 5 5 5 4 5 2 5 5 4 5 5 4 5 5 4 5 5 4 5 4 5 4 4 4 5 5 5 5 5 4 3 3 4 5 3 5 4 4 4 5 4 5 5 3 0 4 4 5 4 3 2 5 4 4 5 5 4 5 5 4 4 5 5 4 5 5 5 5 4 5 4 4 5 0 4 5 3 3 4 5 5 3 4 4 4 5 4 3 4 4 5 4 4 4 5 4 5 4 5 5 4 5 4 5 4 0 4 5 0 4 5 5 4 4 4 4 5 4 4 5 4 5 5 0 3 3 5 4 5 3 3 5 5 5 5 5 4 5 5 5 5 5 4 4 5 4 0 4 4 4 4 5 5 3 4 5 4 5 3 5 4 5 4 4 4 3 5 4 4 4 0 5 5 0 5 5 5 5 4 3 4 4 5 5 5 5 5 5 5 4 5 3 5 5 5 4 0 5 3 4 4 4 5 4 4 4 5 3 5 3 4 5 5 4 3 4 0 5 5 4 5 5 4 4 4 5 5 3 4 5 5 4 4 5 5 5 5 3 4 5 5 5 3 5 3 3 5 0 5 0 4 4 4 4 0 4 4 5 3 5 4 5 4 5 4 0 5 5 3 5 4 3 4 4 4 4 4 5 4 5 3 5 5 4 4 5 4 5 4 0 5 4 5 4 4 4 5 5 5 4 1 5 4 3 5 5 4 5 3 5 4 5 0 5 4 4 5 5 5 3 5 4 4 5 5 5 4 5 5 5 0 4 5 5 4 4 5 5 5 4 5 4 5 4 4 4 5 4 4 1 3 5 5 0 5 5 2 5 5 5 4 5 4 4 5 5 4 5 3 5 4 5 4 4 4 4 4 4 5 5 0 4 4 4 4 5 3 4 5 5 2 5 5 2 5 5 5 5 5 4 3 3 5 4 3 5 5 5 3 4 4 3 3 5 4 5 4 5 4 4 5 4 5 5 4 5 5 3 4 5 3 4 4 0 3 4 5 5 5 5 5 3 4 4 5 4 4 5 4 3 3 4 4 5 4 5 5 4 5 5 5 5 5 5 4 0 5 4 4 4 5 4 4 3 3 0 4 4 3 5 4 2 4 5 4 4 5 4 5 5 3 4 5 2 3 5 3 2 4 5 4 5 4 3 4 5 5 5 0 2 4 0 4 2 5 4 0 2 4 5 4 5 5 5 4 4 2 4 5 4 4 4 5 4 5 4 5 5 4 5 3 3 5 4 4 5 5 4 5 4 3 5 5 4 4 0 1 5 4 3 2 4 4 5 5 4 4 5 5 3 5 5 4 4 0 4 4 2 5 4 5 4 5 5 3 5 5 5 4 5 5 4 5 4 5 4 3 5 5 5 0 4 5 5 4 5 4 5 3 1 3 4 4 4 4 5 4 4 4 4 5 5 4 4 4 3 2 4 4 3 4 3 5 5 5 4 4 5 5 5 4 5 5 3 4 5 5 5 5 5 5 5 5 5 5 5 5 5 5 4 3 0 5 5 5 4 4 4 4 4 5 5 5 4 4 4 4 5 3 5 5 5 5 4 5 0 4 3
1000 3468 7
889 284
731 51
583 866
221 914
363 857
847 411
893 475
48 426
274 145
85 409
846 815
862 575
435 852
884 495
484 556
291 79
882 224
8 994
54 298
653 652
435 112
593 858
216 766
166 347
368 854
665 312
674 57
90 426
474 741
263 788
57 858
301 349
487 902
160 944
344 236
155 791
864 555
430 625
366 392
1000 898
922 196
902 864
565 383
228 672
738 90
957 295
837 26
845 388
806 942
379 452
154 848
291 371
683 660
777 777
660 698
792 268
523 509
268 515
354 435
242 271
272 254
283 458
824 670
378 658
363 775
311 675
402 721
817 801
787 634
272 281
103 750
944 711
461 566
219 106
399 743
786 961
631 395
120 502
398 561
22 605
949 257
408 604
931 542
296 144
618 484
550 456
995 399
850 993
964 646
507 749
655 780
883 251
571 947
475 776
535 486
929 787
724 618
919 200
588 152
218 123
479 789
182 425
319 705
463 721
646 61
378 479
161 518
119 679
958 220
198 604
155 297
608 275
767 860
675 835
346 708
246 895
575 261
244 86
548 558
453 848
859 553
340 35
585 607
986 35
262 345
66 208
643 133
564 303
833 96
112 220
346 191
230 462
289 142
663 352
833 47
958 867
703 654
846 391
476 543
609 944
782 33
835 547
286 579
455 825
666 147
723 75
321 471
130 126
903 413
258 392
135 553
271 33
578 844
283 373
597 977
174 757
484 728
643 593
258 913
191 925
79 416
870 401
836 772
236 113
913 131
113 869
628 82
225 993
530 271
191 117
135 589
745 297
467 706
902 136
423 944
947 532
441 926
949 4
5 873
959 983
307 84
574 211
557 68
4 447
604 631
914 640
462 805
706 423
326 771
584 12
48 747
782 286
120 949
501 450
656 912
114 677
560 558
816 578
149 531
592 626
241 532
932 256
942 914
33 556
632 466
56 993
802 826
846 481
614 243
941 82
591 38
893 443
370 231
860 546
41 882
799 140
226 685
504 197
114 942
962 446
991 189
696 805
10 381
609 221
534 33
607 444
331 465
527 219
727 637
302 417
189 862
409 300
872 519
141 560
434 422
275 329
245 548
857 217
889 689
804 801
92 794
947 13
612 223
136 298
319 463
694 573
159 206
354 945
96 88
18 753
641 161
231 760
534 664
582 279
735 343
16 255
210 113
439 303
625 467
195 522
503 42
954 673
721 983
300 455
544 811
115 349
322 817
250 714
635 591
40 250
493 632
330 764
564 382
504 578
464 313
23 387
89 656
97 79
276 377
809 185
754 307
665 465
637 957
770 935
428 863
348 865
597 991
604 543
44 201
136 457
967 158
123 80
241 604
275 455
613 800
998 175
773 940
632 383
518 225
294 85
654 455
690 833
752 508
331 23
1 245
121 693
575 885
568 370
694 871
427 272
50 735
398 617
899 387
599 900
728 51
151 541
844 250
146 738
948 681
19 32
83 865
581 345
766 885
658 934
814 422
861 90
718 6
33 687
552 559
754 972
521 930
553 277
483 932
966 468
239 826
659 674
239 598
225 876
814 91
271 172
738 266
84 48
105 685
410 718
894 965
427 260
817 556
438 6
500 13
32 660
569 29
802 574
606 308
888 607
819 699
215 511
786 159
917 151
119 126
699 644
541 425
447 68
133 284
726 182
590 224
232 621
741 269
692 712
983 638
823 301
477 692
336 349
424 499
592 176
152 574
112 25
28 18
202 402
100 64
350 818
785 557
628 623
201 236
578 695
622 767
315 971
806 658
311 629
61 296
389 25
899 578
710 161
404 870
812 979
29 774
485 371
186 130
920 812
740 331
670 435
703 744
570 880
455 509
2 530
72 182
373 683
177 475
47 267
398 470
653 909
467 644
635 629
232 550
144 722
393 862
737 449
500 645
826 981
28 615
180 630
437 964
967 216
997 541
457 496
594 683
290 693
12 727
812 466
860 310
206 410
92 439
951 481
825 796
314 884
718 774
221 25
888 332
634 266
1 651
387 512
262 303
57 847
224 191
403 357
867 840
910 208
833 784
874 536
203 64
174 717
355 716
422 587
509 887
92 944
972 324
132 96
834 48
244 32
249 309
57 846
544 519
429 546
320 415
160 166
904 742
558 40
945 968
208 821
625 223
683 866
807 38
253 386
886 958
977 942
478 765
984 458
442 70
619 949
525 946
621 139
466 378
446 794
772 298
309 694
513 684
838 538
128 562
889 485
925 584
376 245
728 177
906 627
114 703
639 253
364 138
349 814
903 490
141 249
103 737
674 706
475 30
556 933
953 304
670 344
327 173
854 547
384 659
971 529
894 675
774 890
724 624
310 940
854 128
878 624
750 283
339 760
857 376
525 612
819 612
371 755
110 117
683 400
853 898
125 610
463 10
638 401
10 925
280 379
762 842
470 712
74 609
234 575
650 917
279 940
98 696
287 795
32 352
23 694
670 157
704 710
396 279
363 609
192 212
347 937
737 42
973 269
898 996
739 68
264 432
95 437
295 774
609 722
222 898
246 550
524 553
223 260
20 473
878 507
635 245
759 455
752 984
891 365
153 179
576 129
60 56
28 193
706 923
330 56
943 578
438 765
861 327
340 789
645 592
6 876
590 715
789 561
866 336
338 932
106 938
713 481
281 825
99 822
394 269
543 249
537 87
23 675
330 807
448 955
168 418
455 312
465 14
889 88
745 32
833 646
540 220
743 862
948 764
718 501
925 489
640 721
807 665
494 395
110 241
589 979
544 166
685 35
341 376
569 727
405 683
306 555
905 806
573 558
80 13
137 604
850 495
465 131
160 350
77 928
608 496
939 646
928 978
461 59
646 810
36 75
518 710
72 756
277 560
942 315
716 205
511 712
156 494
866 827
291 271
350 495
291 672
59 686
74 995
302 80
945 713
320 289
288 500
322 816
827 772
811 311
677 163
670 238
649 134
629 967
293 397
385 399
360 44
824 413
147 784
662 752
48 9
900 414
281 210
8 56
378 344
161 300
842 235
236 571
275 634
230 915
691 678
103 329
521 755
687 917
792 638
447 582
116 117
158 89
464 61
63 354
336 325
962 727
123 762
831 666
260 304
641 644
638 668
34 261
641 541
969 683
918 183
424 391
357 600
952 491
989 158
672 820
952 205
442 557
418 545
606 22
812 354
141 764
828 179
107 830
482 628
787 438
358 359
112 613
136 613
131 882
83 799
966 118
98 897
127 298
95 39
362 237
197 695
570 155
43 747
803 481
452 436
338 492
695 737
578 444
778 69
268 2
246 328
933 931
919 424
485 784
3 867
327 337
553 763
572 717
529 724
62 19
203 851
608 513
767 195
930 233
647 715
913 258
265 996
40 26
249 729
736 57
876 710
511 879
186 228
532 128
700 23
766 545
219 680
421 796
117 48
968 957
420 641
615 430
819 284
324 980
168 53
26 561
327 400
948 445
512 932
779 401
374 170
546 869
317 752
143 382
644 750
434 810
609 239
360 619
192 455
660 228
238 148
833 388
38 998
952 766
899 585
237 919
752 721
363 970
921 420
507 882
143 337
150 215
427 255
226 363
381 788
38 906
426 939
371 130
891 135
21 30
979 362
98 38
754 47
863 325
584 947
244 893
252 169
156 504
811 228
496 763
121 926
685 790
281 890
970 288
662 641
325 159
664 755
473 953
344 464
138 644
792 403
874 897
661 924
186 279
724 759
796 898
459 230
81 948
301 417
575 882
691 344
539 455
608 36
459 271
132 816
235 572
876 404
471 351
492 430
786 575
663 880
105 490
560 892
293 985
286 763
994 68
661 823
772 724
727 923
105 591
212 791
679 314
494 669
898 184
248 888
937 845
862 164
453 603
267 553
608 8
587 758
750 341
956 103
699 866
261 650
905 154
701 259
195 926
522 291
395 197
251 790
600 596
291 255
668 58
227 587
901 503
849 890
494 95
785 985
210 422
377 38
847 385
972 103
986 875
532 118
756 28
836 236
417 768
459 211
766 467
756 664
227 520
919 430
75 214
854 709
409 249
11 866
41 696
337 76
270 485
159 15
606 486
744 943
505 405
617 358
128 839
18 290
234 687
486 324
162 915
295 972
621 349
84 562
400 679
349 409
558 603
985 417
230 487
129 181
918 897
489 336
193 969
59 177
109 227
939 435
244 345
559 974
676 375
914 854
610 418
408 571
583 988
326 148
908 453
449 818
871 636
629 800
762 997
989 611
487 11
855 845
262 216
335 69
60 294
652 735
963 947
142 456
94 650
865 578
737 32
599 211
499 826
799 307
750 195
761 224
916 846
622 237
424 921
116 30
281 239
593 559
876 146
173 920
739 533
161 473
220 115
186 8
647 795
587 553
151 872
191 639
674 320
64 322
517 909
759 350
779 392
492 651
137 407
627 439
147 274
154 110
359 379
57 865
51 711
840 348
362 6
700 27
351 718
206 435
822 996
363 42
923 824
390 298
270 390
38 997
951 607
21 260
287 415
90 494
42 112
29 401
555 119
504 735
524 966
405 972
814 603
959 682
868 545
792 927
842 19
841 68
115 389
330 589
344 796
161 421
524 232
34 456
397 890
775 980
476 922
734 663
577 468
722 803
87 633
118 689
3 961
224 239
804 440
83 579
607 363
364 732
51 666
962 633
378 579
170 132
777 512
848 380
273 836
513 240
318 320
309 468
482 521
593 544
508 709
884 582
683 265
660 914
407 517
866 164
791 199
167 846
78 14
565 652
373 462
126 980
75 376
711 655
395 717
264 96
926 742
3 168
361 405
308 219
397 457
987 326
85 860
721 192
206 660
749 256
526 64
633 664
239 323
460 255
428 419
988 495
270 812
403 449
477 954
536 691
966 657
9 126
1000 404
919 658
193 113
705 25
992 611
28 81
402 214
345 466
132 114
957 111
246 839
292 175
355 90
748 390
191 603
780 763
335 775
313 833
916 628
922 377
149 297
705 566
741 600
222 704
873 988
427 181
183 841
636 683
235 678
613 598
564 967
296 335
54 192
764 470
572 523
188 501
143 943
387 953
304 959
173 50
449 135
178 716
982 451
576 650
14 285
219 755
435 262
646 488
554 244
944 420
406 292
921 196
731 400
462 688
664 655
293 506
142 355
222 826
249 431
315 526
224 131
930 653
707 3
296 477
634 906
632 595
830 638
155 68
424 659
505 955
610 993
11 199
746 908
162 357
287 540
831 688
611 325
83 169
906 154
607 267
862 402
427 447
759 875
175 780
12 927
464 260
611 56
627 343
509 39
475 116
884 710
283 500
528 971
407 179
298 559
807 660
6 327
829 512
461 793
567 740
667 861
771 199
291 515
772 826
732 590
660 175
905 823
849 457
605 373
616 985
660 228
324 709
288 374
436 799
422 936
709 493
268 572
227 190
851 325
329 548
295 905
896 163
385 877
170 30
549 890
482 654
465 822
687 14
616 974
640 717
659 279
203 961
292 14
339 414
761 273
550 356
664 194
519 932
936 125
254 573
905 298
533 556
447 220
640 287
760 24
533 866
350 570
149 665
79 33
17 180
196 240
681 77
894 883
561 59
558 311
907 989
801 112
925 520
381 431
769 845
20 591
87 403
104 846
486 808
814 756
116 755
45 440
778 313
251 829
767 68
956 654
259 878
415 652
864 740
465 391
601 530
171 104
799 764
57 29
689 701
407 501
722 514
591 950
112 354
410 184
858 406
394 684
639 182
920 731
407 368
230 851
621 611
172 307
305 359
338 610
553 515
520 455
126 539
48 338
873 622
826 31
823 914
902 75
264 126
634 491
338 708
162 836
621 545
765 117
181 39
939 589
136 625
102 830
525 110
258 911
662 459
798 719
553 2
455 383
200 252
608 564
616 687
311 824
237 290
444 657
93 506
628 615
405 350
217 383
84 664
624 51
768 992
876 877
530 651
101 484
749 838
570 707
913 334
277 202
97 219
342 568
972 656
899 98
924 388
191 857
929 65
53 303
717 191
492 933
852 287
675 690
856 740
779 339
746 128
903 336
561 165
810 323
646 528
510 164
499 52
464 888
438 411
667 950
968 719
43 964
226 153
228 658
195 676
454 8
64 888
791 784
990 874
647 205
192 619
611 862
221 263
403 401
414 514
687 251
848 937
394 765
66 719
130 114
211 191
914 992
439 699
81 991
14 188
213 151
148 224
718 995
488 581
114 176
59 176
156 668
339 828
111 758
724 302
667 325
773 468
792 597
930 399
51 756
173 783
103 50
455 544
161 119
226 577
913 246
525 500
855 701
537 996
184 431
928 395
561 823
121 497
809 325
639 490
260 840
402 123
656 542
189 1000
762 681
342 667
279 318
436 827
373 329
484 328
727 778
804 621
630 518
490 624
96 803
574 665
180 532
345 139
501 93
794 95
123 235
473 18
124 305
708 800
760 712
834 964
318 539
512 226
446 664
200 99
645 986
724 227
56 468
676 178
159 284
845 591
103 195
378 162
871 424
106 519
997 635
876 64
541 883
33 171
74 717
609 307
689 261
355 922
814 94
485 88
700 715
363 483
397 786
461 459
729 419
897 22
982 367
583 654
235 29
251 161
388 66
809 317
49 953
816 212
886 448
844 594
516 340
26 626
910 768
92 512
355 756
269 518
320 857
248 702
929 112
409 182
797 288
629 25
139 326
621 601
791 307
27 819
580 991
496 510
60 792
572 500
596 771
751 961
6 352
971 238
566 252
179 242
988 521
13 287
869 498
781 515
730 37
942 482
182 569
252 599
551 253
150 547
837 35
631 106
829 892
552 663
100 454
477 828
923 979
368 343
212 500
324 46
945 437
22 601
29 657
247 89
256 55
110 211
51 933
687 144
660 879
767 964
590 354
495 268
390 409
20 314
325 760
642 46
143 953
425 454
811 632
716 268
770 528
503 949
1000 84
339 399
822 85
675 158
389 860
587 645
769 541
548 305
431 253
104 703
51 915
934 871
927 299
20 179
777 929
648 314
875 104
670 660
935 598
717 209
680 539
638 447
879 275
58 464
272 365
380 596
652 554
18 695
730 456
698 803
154 765
839 828
559 830
308 549
420 285
979 243
909 252
120 890
578 949
760 147
514 268
951 412
353 492
144 416
575 227
405 184
221 747
135 911
445 279
650 955
930 415
209 102
617 761
587 179
294 596
702 245
516 949
227 782
72 709
7 417
639 247
926 816
779 853
769 731
386 936
816 861
992 709
721 388
476 857
117 327
787 49
701 126
297 688
494 681
289 864
309 262
868 90
505 966
666 177
799 929
629 483
784 112
539 574
765 231
842 154
497 338
296 840
721 454
604 984
920 639
217 636
911 814
894 41
968 504
95 968
546 438
96 279
867 314
849 612
30 166
843 721
110 565
782 801
473 120
860 773
167 269
287 487
261 765
143 6
469 692
292 653
749 927
707 460
140 508
934 695
934 368
229 176
572 621
847 953
899 2
70 711
134 548
352 483
9 525
954 979
266 89
343 825
966 907
594 629
361 688
522 712
3 348
184 227
673 288
737 473
688 614
528 640
125 274
969 790
365 831
461 174
335 953
53 922
716 800
910 520
602 521
764 746
866 378
345 129
124 488
620 667
486 868
161 578
942 101
501 207
631 871
400 791
880 986
732 555
620 453
952 492
102 753
303 912
15 769
896 289
667 596
616 899
797 547
633 480
569 725
685 213
307 569
783 189
369 1
729 325
610 273
449 217
386 85
476 116
253 215
960 891
683 4
49 586
378 959
561 907
948 500
706 534
227 946
684 440
859 557
917 449
835 148
743 984
897 308
532 202
926 484
481 186
151 142
970 105
193 497
544 66
604 502
732 37
586 886
834 446
511 737
41 53
890 17
981 884
823 185
616 895
98 895
567 990
44 600
685 146
642 129
36 78
254 968
362 150
484 954
194 562
847 20
363 346
49 877
668 882
43 148
276 634
510 168
162 793
147 90
841 94
248 999
314 975
82 351
83 57
156 239
636 139
582 164
145 382
968 906
360 270
336 525
98 552
468 138
493 92
659 773
505 749
926 559
518 435
864 634
502 939
886 286
461 529
453 233
770 849
270 991
880 873
396 947
43 2
915 777
890 260
470 284
810 209
811 805
874 828
976 438
422 234
812 623
223 982
253 434
87 46
289 856
943 853
811 207
163 206
626 841
754 561
645 745
950 383
785 202
689 86
466 501
871 975
963 884
317 966
682 275
890 175
51 741
162 510
949 898
911 396
347 529
495 220
952 720
890 90
300 6
731 385
962 300
957 775
645 453
899 568
541 947
571 430
385 476
881 979
306 838
580 602
919 441
294 852
519 561
830 503
253 177
198 738
111 711
503 786
633 141
219 205
365 262
211 456
412 739
192 438
880 652
987 81
657 323
832 168
676 676
147 123
330 854
815 400
72 769
444 55
914 682
62 349
392 525
167 551
197 716
856 572
874 404
736 215
676 367
10 207
90 747
761 513
423 471
402 288
197 818
214 462
308 448
204 805
880 844
844 616
939 972
170 404
192 325
705 878
109 454
170 959
90 42
529 370
23 814
796 497
578 143
235 968
646 788
121 55
828 245
583 863
795 450
323 557
813 299
97 25
180 853
74 612
386 157
275 263
515 518
535 775
677 409
312 895
757 508
474 563
631 502
346 167
638 916
794 865
681 394
393 951
202 926
694 885
495 312
372 103
773 251
993 375
572 162
834 43
155 845
234 666
862 743
32 940
407 56
264 272
149 730
881 335
780 80
700 344
103 425
901 574
563 356
777 776
649 941
184 556
229 180
90 222
95 124
89 501
143 860
113 745
453 407
891 892
689 776
439 942
402 449
553 811
693 223
986 395
924 510
776 774
792 358
147 61
6 572
560 156
143 132
806 170
551 638
492 757
61 569
844 998
220 561
127 846
938 885
966 528
136 324
377 789
34 157
619 434
446 399
144 741
559 736
799 872
242 627
410 234
606 111
411 826
822 213
832 205
152 656
191 474
991 931
974 673
69 62
877 262
588 384
712 906
781 700
198 585
401 439
328 695
396 181
181 221
213 697
538 250
753 278
421 829
570 696
812 55
255 241
98 300
768 897
728 511
962 422
532 837
222 593
707 990
916 406
246 60
10 917
233 691
909 537
773 776
220 261
657 970
810 857
372 781
920 840
876 905
185 805
955 328
522 169
447 519
866 976
806 971
202 624
259 251
357 175
226 753
935 223
571 289
790 726
971 529
523 505
38 324
926 911
732 937
340 821
169 790
349 717
19 527
137 439
595 247
212 327
804 741
725 435
281 798
241 900
616 151
263 742
582 350
114 823
710 74
121 651
439 334
768 319
846 295
565 950
996 68
196 647
50 643
921 99
226 174
12 470
22 354
208 691
835 715
714 723
199 742
688 182
822 442
521 124
387 242
115 549
887 739
434 53
392 85
483 912
278 38
177 271
666 274
650 105
87 629
934 467
139 191
317 587
87 721
920 373
495 380
704 100
161 610
541 247
667 796
651 476
47 365
520 20
841 710
452 28
772 959
53 37
939 652
854 543
86 549
307 271
27 136
180 515
257 386
797 525
634 980
556 864
106 538
883 980
706 77
886 371
532 471
60 78
542 979
657 636
915 159
939 915
656 757
794 75
47 909
27 389
870 346
887 951
231 630
83 91
64 152
32 311
946 367
741 905
302 671
274 581
674 369
333 966
463 704
177 676
147 681
408 766
828 963
65 378
587 912
907 757
802 770
566 82
90 944
877 231
676 661
732 583
324 235
906 435
640 773
381 160
246 916
959 607
410 797
563 878
97 719
923 575
965 585
203 733
558 501
459 481
790 602
143 152
878 975
683 505
502 800
336 11
939 787
792 402
632 767
153 840
74 10
296 809
563 792
453 652
328 757
714 960
44 320
87 867
645 795
929 112
686 684
19 7
708 226
515 507
245 899
692 7
300 794
208 518
962 194
10 690
998 999
314 22
526 936
283 685
62 41
801 290
402 506
557 790
930 245
441 434
825 973
54 30
938 237
480 867
88 716
38 452
126 431
79 306
5 946
847 838
885 715
757 874
281 125
544 310
868 858
892 539
986 988
402 794
790 254
541 402
801 389
869 383
748 421
968 227
762 674
752 202
902 341
35 648
324 630
991 347
302 130
402 110
509 112
86 370
555 484
21 734
652 681
197 67
71 502
813 948
678 666
74 278
45 111
49 162
513 76
440 462
175 810
622 152
284 195
506 772
791 367
889 588
994 269
485 697
73 333
4 500
810 415
744 809
49 500
9 391
328 660
87 430
313 398
32 480
820 733
357 930
218 935
351 164
378 194
470 684
606 916
286 110
910 66
509 274
445 980
466 733
722 408
57 307
610 593
126 796
677 492
377 952
904 586
312 696
137 92
89 707
880 686
843 943
38 673
450 546
5 597
769 382
600 22
164 249
590 773
162 527
493 719
433 190
870 675
337 884
165 296
149 248
835 209
220 665
386 363
322 312
772 59
993 396
533 274
883 357
668 871
860 163
67 344
916 629
46 876
307 673
405 564
994 689
86 282
245 405
925 986
615 320
713 499
697 870
118 942
406 140
819 390
613 473
249 826
353 590
3 479
783 627
906 283
926 628
927 379
829 698
46 984
822 283
773 794
27 812
771 890
671 933
986 660
780 169
407 403
307 181
912 25
50 721
742 635
385 540
137 460
365 106
358 500
654 676
604 327
775 35
18 524
698 647
636 466
129 759
794 11
967 215
290 438
915 530
625 765
240 565
71 660
804 304
866 628
960 22
250 566
854 581
269 965
463 16
928 50
210 256
424 975
981 642
997 766
832 838
544 145
337 234
779 84
743 147
326 333
393 693
827 138
257 601
200 276
527 191
295 494
270 57
315 290
502 740
567 327
803 374
844 658
977 754
584 750
707 169
439 895
721 599
216 799
808 419
622 63
123 321
851 490
454 123
552 785
455 493
405 402
545 742
562 269
577 249
83 643
990 975
556 94
767 879
473 542
701 433
73 764
443 607
337 666
19 172
37 995
107 805
500 804
852 749
878 843
356 946
404 329
121 176
926 406
769 520
806 571
42 995
832 407
419 279
670 685
198 647
551 154
476 328
40 125
99 897
483 709
181 995
199 181
562 559
280 802
849 493
170 856
828 603
869 95
860 531
693 932
906 902
949 784
876 509
84 27
400 670
834 934
371 428
841 58
71 580
765 646
573 855
106 118
977 429
106 869
674 758
177 750
730 75
239 811
361 525
156 107
29 590
95 131
41 413
892 468
699 728
661 720
103 730
968 386
542 165
520 619
359 10
451 239
1 143
683 266
168 201
584 534
871 8
606 541
311 838
418 748
602 869
282 496
38 846
353 750
856 709
827 180
23 836
584 354
787 721
403 971
128 461
952 875
582 871
456 76
53 528
856 912
13 232
58 123
445 445
39 1
671 597
225 579
415 490
404 314
643 886
120 473
710 17
892 759
346 456
111 98
270 822
679 518
597 72
500 683
634 401
766 266
44 892
49 358
141 618
248 387
390 150
130 871
378 67
111 49
488 414
373 28
79 192
65 154
488 973
184 761
740 44
769 582
454 712
814 173
470 950
790 642
254 392
101 569
620 532
994 52
965 987
613 257
72 436
152 673
187 326
594 441
240 761
784 83
846 861
586 55
563 228
875 652
799 529
892 24
257 853
417 718
113 944
853 23
392 302
40 969
548 92
734 316
972 830
403 179
386 518
338 620
749 376
866 924
39 936
60 715
378 929
967 15
984 686
339 289
815 905
355 348
340 835
854 966
729 107
50 522
745 927
17 169
587 377
173 441
30 818
602 156
803 102
860 685
836 44
494 711
774 157
537 816
813 789
904 885
650 927
177 218
455 206
283 355
451 367
468 490
284 928
458 4
889 841
337 292
982 824
968 494
176 248
559 520
395 82
838 118
255 148
692 351
398 53
91 40
560 494
378 38
122 925
193 316
621 927
447 47
206 990
621 654
64 26
180 383
375 482
433 55
994 877
274 224
387 837
122 536
636 674
59 254
201 260
736 204
259 702
250 800
997 835
84 806
692 972
361 802
745 299
607 103
911 974
160 293
938 137
729 464
447 352
33 622
749 796
365 112
779 119
811 433
459 596
745 579
877 590
142 909
849 684
726 902
47 844
835 122
113 605
982 231
792 481
939 766
647 883
745 984
238 355
717 791
230 345
421 567
548 148
607 63
426 49
893 345
71 514
311 692
972 592
971 470
266 389
24 380
952 464
305 451
774 449
693 461
458 280
96 19
708 893
543 257
379 150
75 491
994 736
10 189
910 753
258 702
638 194
978 645
8 955
734 713
223 324
28 657
848 747
793 571
55 384
915 492
929 819
999 954
986 568
511 835
568 936
616 887
882 223
723 41
278 813
161 34
775 476
971 665
36 994
731 547
744 588
830 80
797 307
635 980
352 60
632 750
944 516
127 561
218 140
734 261
371 93
684 860
285 244
656 347
682 518
613 669
423 460
607 396
971 401
997 239
985 850
194 382
947 137
818 97
960 481
580 586
926 651
517 843
773 195
500 128
694 789
911 751
968 96
281 572
846 380
903 90
661 397
731 670
557 82
109 895
8 673
375 2
79 62
835 580
206 863
539 403
704 879
987 513
781 114
393 117
5 342
815 500
976 739
480 256
722 722
530 558
960 561
505 39
921 409
459 964
670 586
891 952
187 830
854 441
422 621
89 501
404 195
545 769
340 607
830 123
117 465
569 3
678 569
700 86
802 145
561 766
378 44
805 198
866 440
294 941
115 56
238 596
503 320
545 695
198 974
627 46
932 580
251 372
133 142
868 179
702 629
532 455
91 547
575 171
353 826
211 650
859 670
363 655
242 580
566 609
646 499
906 1
563 268
982 206
225 339
443 884
425 324
942 889
275 968
962 269
227 943
502 97
414 882
937 512
976 242
975 378
999 435
591 189
389 761
623 767
89 149
505 413
154 887
637 260
942 44
305 974
923 423
580 306
89 4
39 765
835 463
680 276
358 780
157 961
574 632
268 702
624 790
199 110
367 815
899 76
453 988
859 360
985 338
74 833
652 148
310 319
96 151
816 38
830 825
869 407
830 966
89 619
772 744
857 48
714 208
544 872
718 982
986 944
813 566
143 392
513 442
201 318
622 763
125 980
758 475
322 112
33 571
534 324
606 614
138 276
70 77
669 462
378 566
520 836
652 492
617 214
526 94
20 944
103 330
267 808
707 495
509 414
678 469
957 570
705 33
74 10
905 652
297 480
798 383
509 143
119 231
628 456
581 980
455 600
441 150
728 389
631 448
756 323
542 269
983 6
63 733
127 616
843 170
933 309
6 996
353 541
370 921
293 73
300 769
953 159
252 371
955 402
777 85
485 237
458 980
689 61
34 114
549 730
793 681
988 43
27 889
534 706
387 664
260 761
173 879
517 899
175 108
291 86
730 465
995 771
288 812
525 40
557 258
647 327
896 858
77 525
797 241
924 463
334 652
137 829
583 836
980 388
102 712
830 32
966 630
270 415
568 204
279 858
705 522
593 722
57 523
402 32
458 323
178 510
55 120
986 672
238 597
848 718
85 811
453 789
91 61
179 22
237 96
951 726
628 145
872 651
244 640
91 248
832 791
211 92
249 478
226 729
326 966
238 801
371 359
498 754
655 55
207 686
368 682
204 467
542 738
534 848
334 717
179 51
640 532
725 587
144 553
758 60
426 653
307 619
607 526
129 286
133 905
352 590
443 156
749 906
394 630
477 348
2 254
105 76
276 687
223 737
72 648
934 921
126 522
713 241
814 563
867 313
463 541
533 976
450 109
943 578
691 62
838 219
178 282
973 261
866 703
360 237
726 213
125 293
668 41
366 897
684 339
976 18
53 942
715 221
423 864
123 936
44 267
504 320
753 785
249 555
417 510
457 596
686 60
844 687
156 432
765 241
779 859
245 413
6 862
645 193
641 574
136 189
795 895
947 489
939 199
900 925
913 945
627 217
880 696
607 547
329 88
718 680
766 390
844 432
812 28
644 400
653 566
7 318
471 17
118 647
229 705
171 857
529 190
336 231
468 236
606 548
565 447
786 993
5 113
34 884
180 96
681 762
198 39
794 209
457 266
995 867
229 425
366 495
885 870
912 117
932 788
397 741
965 747
995 618
163 579
88 441
911 743
290 971
243 574
514 340
217 538
955 21
802 714
683 284
763 387
710 206
147 507
713 15
539 342
896 850
417 125
587 612
323 379
608 701
765 344
697 405
887 232
66 167
85 413
604 953
496 180
399 774
759 149
83 785
960 626
361 473
389 821
911 849
244 138
309 323
288 123
129 982
280 446
71 37
951 492
326 422
94 330
122 657
77 66
514 719
998 436
993 63
367 635
562 296
2 704
219 264
778 244
119 499
232 300
827 171
769 187
980 232
397 731
783 160
511 961
77 636
196 167
153 659
961 887
446 473
428 733
830 502
842 826
907 245
371 372
173 904
290 814
366 171
274 70
58 32
741 281
444 797
580 989
515 279
660 598
275 201
776 735
971 884
231 421
638 237
830 580
702 58
265 72
178 230
558 407
477 606
998 59
851 100
352 948
184 17
904 50
955 309
655 817
196 535
455 598
795 993
415 648
824 952
829 924
591 174
991 828
271 112
544 959
963 677
889 644
737 531
581 26
676 669
742 395
805 937
698 175
498 872
693 305
327 746
453 752
741 592
120 114
317 888
551 715
739 698
925 592
403 555
599 189
969 379
298 93
661 952
335 493
263 32
151 470
723 203
421 922
895 870
939 263
439 702
232 789
986 722
880 218
262 322
572 562
241 39
671 993
36 929
590 539
19 460
434 398
597 343
950 263
580 770
882 904
82 285
151 701
129 967
291 489
276 576
407 661
547 42
318 820
308 475
304 985
820 360
919 852
832 342
447 157
833 591
84 790
844 492
726 40
801 444
152 6
389 977
1000 500
992 122
709 232
518 903
679 368
398 475
558 913
202 22
574 870
178 473
893 847
216 2
752 395
353 155
300 499
789 748
660 918
89 158
473 817
638 538
761 387
663 103
534 25
688 48
822 779
275 958
752 514
586 543
448 746
238 167
654 594
543 720
667 876
282 177
899 514
897 6
757 760
105 206
390 903
219 969
12 796
365 8
328 437
488 197
183 380
674 639
294 38
210 805
969 900
493 617
672 113
181 923
217 45
208 844
844 689
448 160
579 768
683 550
523 579
983 339
563 65
304 868
669 27
646 282
903 812
246 401
191 82
880 959
355 308
786 676
470 546
441 723
607 325
420 238
426 930
110 254
829 562
961 694
245 80
439 972
950 611
536 602
810 207
811 1
308 679
770 849
162 761
774 872
701 458
188 947
141 140
929 4
123 493
100 474
244 432
185 942
596 418
115 258
214 758
5 412
401 708
881 30
171 698
113 313
994 382
507 619
475 6
747 814
365 669
900 217
224 483
381 324
712 514
285 387
380 40
986 570
256 388
6 832
602 92
209 761
504 474
357 900
562 772
92 945
735 333
439 346
645 53
326 60
77 982
928 712
775 139
911 277
794 464
546 745
105 438
752 858
707 951
984 171
842 185
383 15
470 609
685 571
698 258
558 475
741 503
88 799
616 178
972 366
903 123
186 509
351 880
94 444
28 573
12 679
123 678
716 431
390 606
121 651
800 998
444 845
450 238
692 728
690 764
33 233
885 637
888 425
280 918
959 133
240 881
426 472
5 3 1 6 5 4 3 2 3 3 2 5 2 0 2 0 4 4 2 4 2 4 3 2 4 6 4 5 0 0 4 0 4 1 1 6 2 6 2 4 6 2 5 3 2 1 0 5 0 3 1 3 5 4 4 0 3 2 2 6 3 0 0 5 2 4 0 0 2 2 5 3 2 5 0 6 6 3 4 6 2 0 0 4 5 0 3 5 0 3 2 3 4 0 6 2 4 1 1 5 0 6 6 4 3 5 2 1 1 3 5 4 3 3 4 6 0 6 2 5 5 3 2 2 1 1 0 6 5 6 2 3 3 3 5 0 5 3 2 1 3 3 1 4 3 3 2 2 6 5 5 1 4 0 2 6 5 2 5 3 5 3 2 5 0 2 4 5 0 0 1 3 3 3 5 1 1 4 0 4 4 3 3 6 5 1 5 6 1 4 6 3 0 1 6 6 5 6 0 3 2 0 2 2 5 1 5 5 3 3 1 3 0 1 1 5 3 3 1 0 1 2 5 5 6 5 6 2 3 1 3 3 1 0 0 1 4 3 0 0 0 2 5 3 2 0 6 5 2 4 5 5 6 5 1 4 1 1 3 4 1 0 5 6 1 0 3 3 5 0 4 6 2 3 3 1 0 5 2 0 5 2 1 6 6 1 1 2 0 2 2 4 0 5 3 0 3 0 3 5 0 3 1 1 3 0 6 2 6 6 1 2 2 4 4 6 4 5 6 0 1 4 1 6 0 3 0 2 2 2 3 1 2 4 1 6 5 1 6 1 2 5 5 6 6 3 1 0 1 3 2 6 6 5 6 6 5 4 1 1 6 2 5 2 3 5 6 6 5 2 3 2 2 6 3 3 4 1 5 2 3 2 3 6 5 1 3 6 0 3 1 4 5 0 4 2 0 2 5 4 2 0 5 4 5 3 0 6 4 6 2 5 5 0 5 1 4 3 2 3 1 1 0 6 6 0 5 6 5 6 4 3 6 6 1 1 2 3 6 1 5 5 1 4 3 4 4 6 5 5 4 4 0 6 3 3 6 2 4 1 1 0 1 4 3 2 0 2 2 5 0 3 1 1 6 2 6 0 3 0 0 4 0 4 6 6 4 1 2 2 0 1 6 4 4 2 5 4 5 3 6 4 4 1 3 1 0 2 3 2 1 3 4 6 5 4 5 2 2 4 2 1 5 1 0 0 6 5 4 3 3 6 0 6 5 2 5 5 4 1 4 4 3 4 5 5 5 4 3 4 5 5 4 1 2 4 1 5 2 1 6 1 4 5 5 6 1 4 3 1 5 0 5 4 5 3 0 0 2 4 0 2 6 1 1 3 5 3 2 5 1 5 0 2 1 2 3 1 3 6 4 6 0 3 1 3 4 3 2 5 1 1 5 5 3 0 0 1 4 5 3 2 0 4 0 5 3 5 3 6 3 2 2 5 3 3 5 6 3 0 5 4 1 2 3 4 3 1 3 4 3 0 0 4 6 6 2 4 0 2 1 6 3 4 6 2 1 2 4 3 2 0 6 5 1 6 2 6 5 4 0 5 4 4 4 4 4 3 3 1 2 3 1 1 1 5 0 3 4 4 2 4 6 0 1 6 6 5 4 0 4 1 2 6 3 3 3 0 4 0 1 5 6 2 4 0 6 5 3 5 1 1 1 5 6 2 3 5 0 2 6 2 4 3 4 4 6 6 2 2 3 3 4 4 6 4 2 0 4 6 1 3 4 2 4 2 5 4 3 0 4 4 3 2 3 5 1 5 5 4 3 0 3 1 3 0 2 1 6 1 6 6 4 6 3 5 1 1 0 6 0 6 4 6 2 3 0 6 3 3 4 4 0 4 6 5 5 4 0 4 3 6 1 5 0 4 1 2 5 2 4 3 4 5 3 6 6 3 3 4 2 3 4 4 1 0 2 2 3 4 1 6 3 2 3 3 3 5 0 1 1 5 2 2 1 4 2 3 6 1 1 4 6 5 6 3 5 2 6 0 5 3 2 0 6 4 6 3 1 0 2 3 4 1 1 0 3 2 2 6 2 2 0 6 6 0 1 1 2 3 1 0 2 5 4 1 0 2 6 0 0 4 6 2 5 1 4 0 6 4 0 5 6 6 2 0 0 3 3 1 4 3 5 4 1 5 6 1 2 5 4 2 2 1 2 4 2 3 3 2 0 6 5 4 5 4 0 4 3 1 2 3 6 5 4 6 2 1 1 3 4 6 2 2 5 3 2 0 6 2 3 0 5 3 4 6 1 0 3 3
